1 0.5012019230769231 0.23918269230769232 0.1935096153846154 0.2127403846153846
1 0.34975961538461536 0.7163461538461539 0.17307692307692307 0.2247596153846154
1 0.5060096153846154 0.5072115384615384 0.14423076923076922 0.23076923076923078
1 0.7908653846153846 0.2692307692307692 0.16706730769230768 0.21875
1 0.6442307692307693 0.4495192307692308 0.14903846153846154 0.22115384615384615
1 0.20192307692307693 0.125 0.14903846153846154 0.22115384615384615
1 0.056490384615384616 0.6286057692307693 0.11057692307692307 0.2692307692307692
1 0.9158653846153846 0.45552884615384615 0.15745192307692307 0.2439903846153846
1 0.5685096153846154 0.6995192307692307 0.1346153846153846 0.19591346153846154
1 0.15985576923076922 0.9170673076923077 0.17668269230769232 0.1622596153846154
2 0.765625 0.7872596153846154 0.3629807692307692 0.4206730769230769