1 0.19831730769230768 0.6177884615384616 0.15625 0.1935096153846154
1 0.35336538461538464 0.7163461538461539 0.13581730769230768 0.19591346153846154
1 0.4807692307692308 0.7223557692307693 0.15144230769230768 0.22115384615384615
1 0.7620192307692307 0.7127403846153846 0.16706730769230768 0.20793269230769232
1 0.8966346153846154 0.6899038461538461 0.16826923076923078 0.24158653846153846
1 0.14423076923076922 0.8918269230769231 0.15745192307692307 0.1875
1 0.2439903846153846 0.3605769230769231 0.171875 0.25
1 0.08173076923076923 0.3269230769230769 0.15745192307692307 0.1875
1 0.6009615384615384 0.5204326923076923 0.16105769230769232 0.2127403846153846
1 0.75 0.42427884615384615 0.15985576923076922 0.1814903846153846
1 0.9134615384615384 0.16826923076923078 0.15985576923076922 0.1814903846153846
1 0.1466346153846154 0.12860576923076922 0.17307692307692307 0.21033653846153846
0 0.6237980769230769 0.9326923076923077 0.06850961538461539 0.09375
2 0.49278846153846156 0.17548076923076922 0.3269230769230769 0.34615384615384615
0 0.11298076923076923 0.036057692307692304 0.0625 0.06850961538461539