1 0.5036057692307693 0.109375 0.17067307692307693 0.19831730769230768
1 0.8317307692307693 0.30528846153846156 0.17067307692307693 0.19831730769230768
1 0.2668269230769231 0.9002403846153846 0.171875 0.19591346153846154
1 0.5841346153846154 0.3557692307692308 0.203125 0.22956730769230768
1 0.6802884615384616 0.21875 0.16706730769230768 0.18389423076923078
1 0.6418269230769231 0.09254807692307693 0.17668269230769232 0.1814903846153846
1 0.3605769230769231 0.25721153846153844 0.17067307692307693 0.19831730769230768
1 0.33653846153846156 0.38100961538461536 0.16105769230769232 0.23317307692307693
1 0.765625 0.734375 0.18389423076923078 0.23918269230769232
1 0.734375 0.9254807692307693 0.171875 0.14423076923076922
1 0.5685096153846154 0.9182692307692307 0.19951923076923078 0.15865384615384615
1 0.9435096153846154 0.4567307692307692 0.11057692307692307 0.2127403846153846
1 0.13341346153846154 0.8064903846153846 0.14182692307692307 0.19591346153846154
1 0.1778846153846154 0.4543269230769231 0.16105769230769232 0.27884615384615385
0 0.4338942307692308 0.8629807692307693 0.052884615384615384 0.0829326923076923
2 0.5432692307692307 0.6334134615384616 0.3269230769230769 0.40024038461538464