1 0.3629807692307692 0.7620192307692307 0.19831730769230768 0.16466346153846154
1 0.43509615384615385 0.5036057692307693 0.19471153846153846 0.22716346153846154
1 0.2127403846153846 0.34975961538461536 0.1346153846153846 0.16706730769230768
1 0.234375 0.6322115384615384 0.140625 0.2439903846153846
1 0.08774038461538461 0.4387019230769231 0.16105769230769232 0.20192307692307693
1 0.09495192307692307 0.6201923076923077 0.18028846153846154 0.18990384615384615
1 0.5564903846153846 0.5637019230769231 0.18028846153846154 0.18990384615384615
1 0.6814903846153846 0.5805288461538461 0.1935096153846154 0.20673076923076922
1 0.3449519230769231 0.9314903846153846 0.18870192307692307 0.13341346153846154
0 0.7319711538461539 0.8689903846153846 0.055288461538461536 0.07091346153846154
0 0.6346153846153846 0.9519230769230769 0.07932692307692307 0.07091346153846154
0 0.875 0.8293269230769231 0.08173076923076923 0.11658653846153846
0 0.7644230769230769 0.9399038461538461 0.08173076923076923 0.09615384615384616
0 0.6790865384615384 0.16105769230769232 0.07932692307692307 0.07692307692307693
0 0.1346153846153846 0.1875 0.04807692307692308 0.05889423076923077
2 0.11298076923076923 0.84375 0.20673076923076922 0.3088942307692308