2 0.5168269230769231 0.4230769230769231 0.16346153846153846 0.23317307692307693
0 0.34975961538461536 0.47475961538461536 0.051682692307692304 0.05889423076923077
0 0.42908653846153844 0.5769230769230769 0.051682692307692304 0.05889423076923077
0 0.040865384615384616 0.6129807692307693 0.04326923076923077 0.07091346153846154
1 0.15264423076923078 0.34615384615384615 0.20432692307692307 0.2668269230769231
1 0.10336538461538461 0.09495192307692307 0.14903846153846154 0.18509615384615385
1 0.07451923076923077 0.14543269230769232 0.1466346153846154 0.1875
1 0.2620192307692308 0.14783653846153846 0.1814903846153846 0.19110576923076922
1 0.40024038461538464 0.09735576923076923 0.18028846153846154 0.18990384615384615
1 0.6730769230769231 0.6730769230769231 0.16826923076923078 0.20793269230769232
1 0.7211538461538461 0.8942307692307693 0.14182692307692307 0.20793269230769232
1 0.49158653846153844 0.8942307692307693 0.14182692307692307 0.20793269230769232
1 0.6923076923076923 0.4723557692307692 0.15985576923076922 0.20673076923076922
1 0.8112980769230769 0.19110576923076922 0.12860576923076922 0.18509615384615385
1 0.9302884615384616 0.10216346153846154 0.13581730769230768 0.19951923076923078
1 0.5348557692307693 0.6694711538461539 0.1622596153846154 0.22235576923076922
1 0.44350961538461536 0.7319711538461539 0.1622596153846154 0.22235576923076922
1 0.30288461538461536 0.7680288461538461 0.17067307692307693 0.21033653846153846
1 0.5372596153846154 0.20072115384615385 0.1502403846153846 0.18990384615384615
1 0.6550480769230769 0.2512019230769231 0.1502403846153846 0.18990384615384615
1 0.7692307692307693 0.04807692307692308 0.16706730769230768 0.09134615384615384