1 0.6778846153846154 0.6790865384615384 0.17307692307692307 0.19951923076923078
1 0.8028846153846154 0.2536057692307692 0.20673076923076922 0.22956730769230768
1 0.5600961538461539 0.17548076923076922 0.15745192307692307 0.2536057692307692
1 0.09975961538461539 0.5805288461538461 0.16706730769230768 0.2439903846153846
1 0.19230769230769232 0.5300480769230769 0.1814903846153846 0.2692307692307692
1 0.35096153846153844 0.2620192307692308 0.16826923076923078 0.24759615384615385
1 0.3088942307692308 0.8028846153846154 0.19230769230769232 0.23557692307692307
1 0.4519230769230769 0.7668269230769231 0.18870192307692307 0.19110576923076922
1 0.14423076923076922 0.8798076923076923 0.21153846153846154 0.22716346153846154
1 0.6706730769230769 0.8942307692307693 0.18629807692307693 0.19831730769230768
1 0.9086538461538461 0.10576923076923077 0.17668269230769232 0.17668269230769232
1 0.12620192307692307 0.18269230769230768 0.18870192307692307 0.24759615384615385
1 0.8737980769230769 0.6442307692307693 0.15264423076923078 0.20793269230769232
1 0.9411057692307693 0.43509615384615385 0.1141826923076923 0.23798076923076922
1 0.7848557692307693 0.45913461538461536 0.24519230769230768 0.23918269230769232
2 0.49399038461538464 0.484375 0.4098557692307692 0.43990384615384615
0 0.53125 0.8762019230769231 0.0625 0.09375
0 0.24278846153846154 0.21514423076923078 0.08774038461538461 0.10216346153846154