1 0.5144230769230769 0.35096153846153844 0.17668269230769232 0.22235576923076922
1 0.17548076923076922 0.32572115384615385 0.17668269230769232 0.22235576923076922
1 0.7283653846153846 0.22115384615384615 0.1622596153846154 0.2668269230769231
1 0.9182692307692307 0.28846153846153844 0.16105769230769232 0.2692307692307692
1 0.8221153846153846 0.5348557692307693 0.1622596153846154 0.2668269230769231
1 0.8088942307692307 0.8353365384615384 0.1622596153846154 0.2668269230769231
1 0.7379807692307693 0.8653846153846154 0.16346153846153846 0.2644230769230769
1 0.41346153846153844 0.4735576923076923 0.15504807692307693 0.22235576923076922
1 0.6706730769230769 0.4879807692307692 0.15504807692307693 0.22235576923076922
1 0.078125 0.24519230769230768 0.15264423076923078 0.22235576923076922
1 0.5997596153846154 0.09134615384615384 0.1875 0.17908653846153846
1 0.35336538461538464 0.07451923076923077 0.19951923076923078 0.14423076923076922
1 0.33774038461538464 0.453125 0.13581730769230768 0.21875
1 0.2848557692307692 0.5072115384615384 0.13581730769230768 0.21875
1 0.2283653846153846 0.5492788461538461 0.13581730769230768 0.21875
1 0.11298076923076923 0.5901442307692307 0.13581730769230768 0.21875
0 0.29447115384615385 0.171875 0.057692307692307696 0.0733173076923077
0 0.038461538461538464 0.8713942307692307 0.057692307692307696 0.0733173076923077
0 0.22235576923076922 0.671875 0.057692307692307696 0.0733173076923077
2 0.5252403846153846 0.7992788461538461 0.3317307692307692 0.39783653846153844
1 0.30288461538461536 0.7512019230769231 0.13221153846153846 0.2608173076923077
1 0.18509615384615385 0.12139423076923077 0.17307692307692307 0.1622596153846154