1 0.7403846153846154 0.22235576923076922 0.16826923076923078 0.20432692307692307
1 0.8076923076923077 0.3545673076923077 0.16826923076923078 0.20432692307692307
1 0.5024038461538461 0.07451923076923077 0.17307692307692307 0.14543269230769232
1 0.5432692307692307 0.16346153846153846 0.17307692307692307 0.14783653846153846
1 0.8016826923076923 0.828125 0.16826923076923078 0.1935096153846154
1 0.10336538461538461 0.5336538461538461 0.16826923076923078 0.20793269230769232
1 0.28725961538461536 0.2608173076923077 0.16826923076923078 0.20793269230769232
1 0.8713942307692307 0.578125 0.1622596153846154 0.23076923076923078
1 0.08413461538461539 0.16466346153846154 0.1658653846153846 0.28365384615384615
2 0.4338942307692308 0.7451923076923077 0.33774038461538464 0.39783653846153844
0 0.4855769230769231 0.3161057692307692 0.06129807692307692 0.08173076923076923
0 0.6394230769230769 0.4182692307692308 0.06129807692307692 0.08173076923076923