1 0.09495192307692307 0.7584134615384616 0.15264423076923078 0.19591346153846154
1 0.055288461538461536 0.5348557692307693 0.10817307692307693 0.27524038461538464
1 0.5745192307692307 0.3737980769230769 0.19471153846153846 0.23557692307692307
1 0.6923076923076923 0.6286057692307693 0.15985576923076922 0.2247596153846154
1 0.3473557692307692 0.7307692307692307 0.15625 0.2439903846153846
1 0.9050480769230769 0.4987980769230769 0.18629807692307693 0.23076923076923078
1 0.5721153846153846 0.09014423076923077 0.16346153846153846 0.17668269230769232
1 0.22115384615384615 0.2776442307692308 0.20793269230769232 0.20432692307692307
1 0.1778846153846154 0.44591346153846156 0.1971153846153846 0.2704326923076923
1 0.5300480769230769 0.7536057692307693 0.1971153846153846 0.21033653846153846
1 0.3629807692307692 0.08173076923076923 0.1935096153846154 0.15865384615384615
0 0.35096153846153844 0.9182692307692307 0.06129807692307692 0.09375
0 0.453125 0.171875 0.05889423076923077 0.08533653846153846
2 0.7475961538461539 0.17307692307692307 0.24519230769230768 0.3161057692307692