1 0.5036057692307693 0.9002403846153846 0.21754807692307693 0.19591346153846154
1 0.7331730769230769 0.34975961538461536 0.18629807692307693 0.19591346153846154
1 0.9314903846153846 0.44471153846153844 0.1346153846153846 0.19831730769230768
1 0.5324519230769231 0.49399038461538464 0.14423076923076922 0.19951923076923078
1 0.3329326923076923 0.9014423076923077 0.13701923076923078 0.1935096153846154
1 0.41225961538461536 0.6887019230769231 0.1310096153846154 0.17668269230769232
1 0.1310096153846154 0.09615384615384616 0.18629807692307693 0.1875
1 0.24759615384615385 0.5829326923076923 0.14903846153846154 0.17908653846153846
1 0.9254807692307693 0.6346153846153846 0.1466346153846154 0.1814903846153846
1 0.9387019230769231 0.8221153846153846 0.1201923076923077 0.1814903846153846
1 0.6322115384615384 0.4963942307692308 0.12379807692307693 0.15625
2 0.4411057692307692 0.23557692307692307 0.22235576923076922 0.2668269230769231
0 0.4338942307692308 0.4338942307692308 0.046875 0.06009615384615385
0 0.8245192307692307 0.4879807692307692 0.046875 0.06009615384615385