1 0.18028846153846154 0.8449519230769231 0.1502403846153846 0.1935096153846154
1 0.6057692307692307 0.9026442307692307 0.15144230769230768 0.19110576923076922
1 0.7247596153846154 0.78125 0.17668269230769232 0.19591346153846154
1 0.7716346153846154 0.5733173076923077 0.15625 0.19110576923076922
1 0.7355769230769231 0.3629807692307692 0.15985576923076922 0.20192307692307693
1 0.6189903846153846 0.5252403846153846 0.13701923076923078 0.20793269230769232
1 0.27163461538461536 0.3161057692307692 0.17067307692307693 0.19831730769230768
1 0.5384615384615384 0.27283653846153844 0.18028846153846154 0.23798076923076922
1 0.15985576923076922 0.140625 0.17307692307692307 0.23076923076923078
1 0.38461538461538464 0.11658653846153846 0.19230769230769232 0.22956730769230768
1 0.15264423076923078 0.4723557692307692 0.17067307692307693 0.19831730769230768
1 0.08653846153846154 0.5528846153846154 0.16826923076923078 0.19831730769230768
1 0.41346153846153844 0.4543269230769231 0.17668269230769232 0.21634615384615385
1 0.8377403846153846 0.1622596153846154 0.18028846153846154 0.23798076923076922
1 0.9086538461538461 0.4182692307692308 0.16346153846153846 0.22235576923076922
1 0.9026442307692307 0.8870192307692307 0.1658653846153846 0.22115384615384615
1 0.9302884615384616 0.6286057692307693 0.13581730769230768 0.2127403846153846
1 0.5564903846153846 0.0829326923076923 0.15985576923076922 0.1622596153846154
2 0.40865384615384615 0.7680288461538461 0.3389423076923077 0.43990384615384615