1 0.7379807692307693 0.46153846153846156 0.234375 0.23557692307692307
1 0.6526442307692307 0.6911057692307693 0.20432692307692307 0.2620192307692308
1 0.53125 0.8894230769230769 0.17548076923076922 0.21634615384615385
1 0.36899038461538464 0.78125 0.16346153846153846 0.24639423076923078
1 0.31009615384615385 0.5997596153846154 0.16346153846153846 0.24639423076923078
1 0.15745192307692307 0.7007211538461539 0.15264423076923078 0.2439903846153846
1 0.2644230769230769 0.3762019230769231 0.21514423076923078 0.19831730769230768
1 0.3942307692307692 0.22115384615384615 0.1502403846153846 0.2127403846153846
1 0.7019230769230769 0.17548076923076922 0.171875 0.19110576923076922
1 0.7872596153846154 0.9266826923076923 0.16826923076923078 0.14182692307692307
2 0.22596153846153846 0.11899038461538461 0.3737980769230769 0.23317307692307693