1 0.7091346153846154 0.3088942307692308 0.21514423076923078 0.20793269230769232
1 0.6899038461538461 0.4411057692307692 0.18028846153846154 0.19951923076923078
1 0.2536057692307692 0.3557692307692308 0.19230769230769232 0.2127403846153846
1 0.2848557692307692 0.8197115384615384 0.1622596153846154 0.20673076923076922
1 0.3245192307692308 0.8954326923076923 0.1466346153846154 0.20432692307692307
1 0.10697115384615384 0.5961538461538461 0.17067307692307693 0.24158653846153846
1 0.5637019230769231 0.7307692307692307 0.17067307692307693 0.24158653846153846
1 0.9086538461538461 0.33774038461538464 0.15745192307692307 0.24639423076923078
1 0.8473557692307693 0.6045673076923077 0.15745192307692307 0.23798076923076922
1 0.6478365384615384 0.6622596153846154 0.15745192307692307 0.23798076923076922
1 0.49158653846153844 0.2439903846153846 0.15745192307692307 0.23798076923076922
1 0.4831730769230769 0.4891826923076923 0.1875 0.2536057692307692
2 0.6634615384615384 0.11177884615384616 0.44350961538461536 0.21875
1 0.24278846153846154 0.10336538461538461 0.14543269230769232 0.20192307692307693
1 0.28365384615384615 0.23918269230769232 0.14543269230769232 0.20432692307692307
1 0.8365384615384616 0.8882211538461539 0.17307692307692307 0.21875