1 0.44350961538461536 0.12860576923076922 0.17067307692307693 0.22956730769230768
1 0.4891826923076923 0.5817307692307693 0.171875 0.2247596153846154
1 0.20673076923076922 0.5829326923076923 0.171875 0.2247596153846154
1 0.25 0.2920673076923077 0.2247596153846154 0.34134615384615385
1 0.8341346153846154 0.7536057692307693 0.20192307692307693 0.2439903846153846
1 0.7151442307692307 0.6802884615384616 0.1778846153846154 0.22235576923076922
1 0.33413461538461536 0.7668269230769231 0.171875 0.2247596153846154
1 0.8365384615384616 0.5865384615384616 0.1778846153846154 0.22235576923076922
1 0.10336538461538461 0.7620192307692307 0.171875 0.2247596153846154
2 0.5552884615384616 0.8665865384615384 0.2692307692307692 0.2620192307692308
0 0.3137019230769231 0.4723557692307692 0.06850961538461539 0.07692307692307693
0 0.2127403846153846 0.036057692307692304 0.06610576923076923 0.06850961538461539