1 0.41586538461538464 0.7932692307692307 0.171875 0.1502403846153846
1 0.6875 0.3798076923076923 0.171875 0.23918269230769232
1 0.47475961538461536 0.35336538461538464 0.171875 0.23918269230769232
1 0.8521634615384616 0.4519230769230769 0.18269230769230768 0.24158653846153846
1 0.40865384615384615 0.10817307692307693 0.18028846153846154 0.2127403846153846
1 0.17067307692307693 0.6971153846153846 0.1310096153846154 0.20192307692307693
1 0.8137019230769231 0.9182692307692307 0.14423076923076922 0.15865384615384615
1 0.5745192307692307 0.9182692307692307 0.18629807692307693 0.15865384615384615
1 0.12139423076923077 0.23798076923076922 0.16105769230769232 0.22956730769230768
1 0.06370192307692307 0.17307692307692307 0.12379807692307693 0.2620192307692308
2 0.5913461538461539 0.6358173076923077 0.22596153846153846 0.28725961538461536
0 0.49759615384615385 0.4891826923076923 0.04567307692307692 0.07451923076923077