1 0.09735576923076923 0.3557692307692308 0.17067307692307693 0.21514423076923078
1 0.5168269230769231 0.10817307692307693 0.17067307692307693 0.2127403846153846
1 0.7259615384615384 0.19951923076923078 0.17668269230769232 0.23317307692307693
1 0.9290865384615384 0.5673076923076923 0.13942307692307693 0.22716346153846154
1 0.7668269230769231 0.5901442307692307 0.15504807692307693 0.20432692307692307
1 0.49278846153846156 0.44471153846153844 0.16826923076923078 0.21875
1 0.4963942307692308 0.6225961538461539 0.16706730769230768 0.2536057692307692
1 0.4098557692307692 0.7572115384615384 0.18389423076923078 0.18990384615384615
1 0.5408653846153846 0.8894230769230769 0.1875 0.21634615384615385
1 0.2824519230769231 0.4723557692307692 0.21754807692307693 0.28725961538461536
1 0.8197115384615384 0.38100961538461536 0.2127403846153846 0.24639423076923078
1 0.4182692307692308 0.26802884615384615 0.17067307692307693 0.21514423076923078
2 0.7764423076923077 0.8545673076923077 0.33774038461538464 0.28725961538461536