1 0.11658653846153846 0.7151442307692307 0.16105769230769232 0.20673076923076922
1 0.41346153846153844 0.33653846153846156 0.12980769230769232 0.17668269230769232
1 0.8605769230769231 0.39302884615384615 0.16105769230769232 0.19831730769230768
1 0.26322115384615385 0.20673076923076922 0.16105769230769232 0.19831730769230768
1 0.8197115384615384 0.6213942307692307 0.16346153846153846 0.23076923076923078
1 0.9338942307692307 0.8269230769230769 0.12980769230769232 0.17908653846153846
1 0.8052884615384616 0.9206730769230769 0.15504807692307693 0.15384615384615385
1 0.5528846153846154 0.9507211538461539 0.1622596153846154 0.09375
1 0.33653846153846156 0.9579326923076923 0.15745192307692307 0.07932692307692307
1 0.06850961538461539 0.21514423076923078 0.1346153846153846 0.17067307692307693
2 0.4338942307692308 0.6694711538461539 0.2439903846153846 0.31009615384615385
1 0.25600961538461536 0.71875 0.1310096153846154 0.2127403846153846
1 0.23798076923076922 0.5516826923076923 0.1310096153846154 0.2127403846153846
1 0.6274038461538461 0.4338942307692308 0.13942307692307693 0.23076923076923078
1 0.5216346153846154 0.3137019230769231 0.14182692307692307 0.19831730769230768