1 0.34615384615384615 0.5060096153846154 0.15144230769230768 0.20432692307692307
1 0.6370192307692307 0.5480769230769231 0.15144230769230768 0.20432692307692307
1 0.7247596153846154 0.5817307692307693 0.15144230769230768 0.20432692307692307
1 0.6538461538461539 0.8161057692307693 0.17067307692307693 0.23317307692307693
1 0.46033653846153844 0.6682692307692307 0.17067307692307693 0.23317307692307693
1 0.3293269230769231 0.8677884615384616 0.1622596153846154 0.20192307692307693
1 0.17067307692307693 0.9206730769230769 0.18389423076923078 0.14543269230769232
1 0.29086538461538464 0.16826923076923078 0.1971153846153846 0.27524038461538464
1 0.07692307692307693 0.6935096153846154 0.1502403846153846 0.20432692307692307
1 0.8762019230769231 0.4495192307692308 0.15144230769230768 0.20432692307692307
1 0.5721153846153846 0.9110576923076923 0.13942307692307693 0.17307692307692307
1 0.1622596153846154 0.5685096153846154 0.1622596153846154 0.17908653846153846
1 0.09735576923076923 0.36177884615384615 0.16706730769230768 0.1935096153846154
1 0.13341346153846154 0.07572115384615384 0.16706730769230768 0.14783653846153846
2 0.4807692307692308 0.2920673076923077 0.2608173076923077 0.27524038461538464