1 0.6838942307692307 0.6682692307692307 0.17668269230769232 0.1935096153846154
1 0.7728365384615384 0.4483173076923077 0.18629807692307693 0.24639423076923078
1 0.6262019230769231 0.3125 0.16826923076923078 0.2247596153846154
1 0.5216346153846154 0.4098557692307692 0.1622596153846154 0.1935096153846154
1 0.6177884615384616 0.09735576923076923 0.1622596153846154 0.19110576923076922
1 0.6418269230769231 0.8942307692307693 0.17548076923076922 0.20793269230769232
1 0.43028846153846156 0.9230769230769231 0.17307692307692307 0.1502403846153846
1 0.7872596153846154 0.11298076923076923 0.17548076923076922 0.22115384615384615
1 0.9266826923076923 0.8088942307692307 0.14423076923076922 0.22716346153846154
1 0.3425480769230769 0.2439903846153846 0.14543269230769232 0.2247596153846154
1 0.15745192307692307 0.2644230769230769 0.14543269230769232 0.2247596153846154
1 0.08774038461538461 0.375 0.14543269230769232 0.2247596153846154
2 0.22115384615384615 0.65625 0.3545673076923077 0.38341346153846156