2 0.3954326923076923 0.2536057692307692 0.33774038461538464 0.49158653846153844
1 0.6105769230769231 0.38221153846153844 0.11778846153846154 0.20192307692307693
1 0.6262019230769231 0.14543269230769232 0.1466346153846154 0.24158653846153846
1 0.765625 0.24759615384615385 0.15625 0.17067307692307693
1 0.9182692307692307 0.19951923076923078 0.15745192307692307 0.20192307692307693
1 0.7596153846153846 0.07932692307692307 0.16105769230769232 0.15384615384615385
1 0.7283653846153846 0.8521634615384616 0.17307692307692307 0.20793269230769232
1 0.5012019230769231 0.9254807692307693 0.17067307692307693 0.14543269230769232
1 0.10576923076923077 0.9110576923076923 0.2091346153846154 0.17307692307692307
1 0.08052884615384616 0.6778846153846154 0.15745192307692307 0.22235576923076922
1 0.1778846153846154 0.2403846153846154 0.16105769230769232 0.22235576923076922
1 0.4675480769230769 0.5300480769230769 0.16105769230769232 0.22235576923076922
1 0.23076923076923078 0.7199519230769231 0.17668269230769232 0.18990384615384615
1 0.9399038461538461 0.39663461538461536 0.11778846153846154 0.21033653846153846
0 0.49038461538461536 0.8161057692307693 0.07211538461538461 0.07692307692307693
1 0.6694711538461539 0.5252403846153846 0.17307692307692307 0.20793269230769232