1 0.12620192307692307 0.6959134615384616 0.1658653846153846 0.19951923076923078
1 0.20552884615384615 0.5180288461538461 0.15504807692307693 0.19831730769230768
1 0.17067307692307693 0.09014423076923077 0.15504807692307693 0.17548076923076922
1 0.3641826923076923 0.1141826923076923 0.1658653846153846 0.21634615384615385
1 0.6129807692307693 0.09014423076923077 0.1971153846153846 0.17548076923076922
1 0.5540865384615384 0.3112980769230769 0.15745192307692307 0.21875
1 0.7163461538461539 0.3762019230769231 0.15745192307692307 0.21875
1 0.8197115384615384 0.640625 0.1778846153846154 0.17307692307692307
1 0.33653846153846156 0.8882211538461539 0.18028846153846154 0.21875
1 0.8810096153846154 0.27524038461538464 0.1778846153846154 0.22115384615384615
1 0.8221153846153846 0.17067307692307693 0.1778846153846154 0.22115384615384615
1 0.9098557692307693 0.4807692307692308 0.17668269230769232 0.17548076923076922
1 0.38221153846153844 0.5348557692307693 0.15745192307692307 0.22115384615384615
1 0.2956730769230769 0.34975961538461536 0.17548076923076922 0.24639423076923078
2 0.5324519230769231 0.7692307692307693 0.3605769230769231 0.4579326923076923