1 0.49158653846153844 0.7776442307692307 0.17307692307692307 0.23317307692307693
1 0.25721153846153844 0.8305288461538461 0.21754807692307693 0.23076923076923078
1 0.49399038461538464 0.21514423076923078 0.1778846153846154 0.1935096153846154
1 0.9362980769230769 0.09254807692307693 0.125 0.1814903846153846
1 0.7608173076923077 0.12139423076923077 0.16826923076923078 0.23798076923076922
1 0.9314903846153846 0.38100961538461536 0.1346153846153846 0.28365384615384615
1 0.7644230769230769 0.7007211538461539 0.13581730769230768 0.28125
1 0.6802884615384616 0.4014423076923077 0.13581730769230768 0.28125
1 0.09375 0.28365384615384615 0.18389423076923078 0.2668269230769231
1 0.9122596153846154 0.6971153846153846 0.171875 0.23557692307692307
2 0.27163461538461536 0.16105769230769232 0.2127403846153846 0.27283653846153844
0 0.5300480769230769 0.3329326923076923 0.07211538461538461 0.0829326923076923
0 0.5889423076923077 0.4891826923076923 0.07211538461538461 0.0829326923076923
1 0.19591346153846154 0.5769230769230769 0.17307692307692307 0.23317307692307693