1 0.11778846153846154 0.5588942307692307 0.15264423076923078 0.2127403846153846
1 0.28125 0.5745192307692307 0.15264423076923078 0.2127403846153846
1 0.17668269230769232 0.34615384615384615 0.15264423076923078 0.2127403846153846
1 0.06490384615384616 0.3401442307692308 0.12620192307692307 0.20793269230769232
1 0.4879807692307692 0.46274038461538464 0.14903846153846154 0.20432692307692307
1 0.3581730769230769 0.36778846153846156 0.1971153846153846 0.18990384615384615
1 0.3076923076923077 0.2091346153846154 0.18389423076923078 0.15264423076923078
1 0.14423076923076922 0.08533653846153846 0.1814903846153846 0.16706730769230768
1 0.8233173076923077 0.2247596153846154 0.203125 0.2247596153846154
1 0.6370192307692307 0.078125 0.1971153846153846 0.15264423076923078
1 0.46634615384615385 0.2536057692307692 0.15745192307692307 0.2127403846153846
1 0.7379807692307693 0.5 0.1622596153846154 0.24639423076923078
1 0.828125 0.4543269230769231 0.1622596153846154 0.2127403846153846
1 0.18389423076923078 0.875 0.15264423076923078 0.2127403846153846
1 0.6634615384615384 0.7163461538461539 0.15264423076923078 0.2127403846153846
2 0.44591346153846156 0.7956730769230769 0.3581730769230769 0.40384615384615385