1 0.6009615384615384 0.1201923076923077 0.17067307692307693 0.17668269230769232
1 0.44711538461538464 0.15745192307692307 0.15745192307692307 0.23076923076923078
1 0.5661057692307693 0.5817307692307693 0.1346153846153846 0.19951923076923078
1 0.8449519230769231 0.4254807692307692 0.16706730769230768 0.2536057692307692
1 0.5060096153846154 0.9230769230769231 0.13581730769230768 0.1502403846153846
1 0.39783653846153844 0.9230769230769231 0.13581730769230768 0.1502403846153846
1 0.9326923076923077 0.75 0.1310096153846154 0.23317307692307693
1 0.7512019230769231 0.6995192307692307 0.18389423076923078 0.21875
1 0.20552884615384615 0.09014423076923077 0.17067307692307693 0.17548076923076922
1 0.12620192307692307 0.12139423076923077 0.140625 0.1935096153846154
2 0.33413461538461536 0.40865384615384615 0.19110576923076922 0.25841346153846156
0 0.9651442307692307 0.2620192307692308 0.051682692307692304 0.08533653846153846
0 0.9819711538461539 0.3641826923076923 0.03245192307692308 0.08774038461538461
0 0.8617788461538461 0.8365384615384616 0.051682692307692304 0.08533653846153846