1 0.21514423076923078 0.13822115384615385 0.17668269230769232 0.20192307692307693
1 0.1466346153846154 0.6358173076923077 0.15745192307692307 0.19110576923076922
1 0.6213942307692307 0.8353365384615384 0.15745192307692307 0.19110576923076922
1 0.23076923076923078 0.8497596153846154 0.15745192307692307 0.19110576923076922
1 0.38461538461538464 0.46274038461538464 0.15985576923076922 0.22956730769230768
1 0.703125 0.5973557692307693 0.15985576923076922 0.22956730769230768
1 0.9170673076923077 0.6850961538461539 0.15985576923076922 0.22956730769230768
1 0.9362980769230769 0.39783653846153844 0.125 0.22956730769230768
1 0.17067307692307693 0.39302884615384615 0.13581730769230768 0.21875
1 0.4951923076923077 0.49158653846153844 0.15985576923076922 0.22956730769230768
1 0.47596153846153844 0.6730769230769231 0.15985576923076922 0.22956730769230768
1 0.43149038461538464 0.8485576923076923 0.16105769230769232 0.20673076923076922
2 0.6201923076923077 0.27884615384615385 0.34975961538461536 0.4338942307692308
0 0.78125 0.8870192307692307 0.07211538461538461 0.06009615384615385