1 0.7740384615384616 0.18629807692307693 0.15625 0.20192307692307693
1 0.8137019230769231 0.5384615384615384 0.15625 0.20192307692307693
1 0.07932692307692307 0.10216346153846154 0.15504807692307693 0.19951923076923078
1 0.0829326923076923 0.3713942307692308 0.15625 0.20192307692307693
1 0.17668269230769232 0.6574519230769231 0.15625 0.20192307692307693
1 0.6201923076923077 0.7776442307692307 0.1778846153846154 0.20673076923076922
1 0.9086538461538461 0.5745192307692307 0.17307692307692307 0.2668269230769231
1 0.4807692307692308 0.6225961538461539 0.1622596153846154 0.17548076923076922
1 0.6033653846153846 0.3581730769230769 0.15745192307692307 0.1875
1 0.6310096153846154 0.9038461538461539 0.15985576923076922 0.1875
0 0.3269230769230769 0.9338942307692307 0.06850961538461539 0.09014423076923077
0 0.8822115384615384 0.8365384615384616 0.055288461538461536 0.06490384615384616
0 0.1502403846153846 0.5192307692307693 0.06129807692307692 0.07932692307692307
0 0.18870192307692307 0.13942307692307693 0.06971153846153846 0.07451923076923077
0 0.4338942307692308 0.027644230769230768 0.05889423076923077 0.051682692307692304
2 0.3293269230769231 0.3245192307692308 0.3701923076923077 0.46033653846153844