1 0.27524038461538464 0.10216346153846154 0.19110576923076922 0.19951923076923078
1 0.30649038461538464 0.9158653846153846 0.18269230769230768 0.16466346153846154
1 0.9266826923076923 0.6141826923076923 0.14423076923076922 0.22115384615384615
1 0.09375 0.3088942307692308 0.18389423076923078 0.17307692307692307
1 0.38100961538461536 0.3798076923076923 0.19110576923076922 0.20192307692307693
1 0.19471153846153846 0.7764423076923077 0.19110576923076922 0.20192307692307693
1 0.47596153846153844 0.7463942307692307 0.1778846153846154 0.21514423076923078
1 0.8653846153846154 0.16826923076923078 0.18629807692307693 0.24639423076923078
1 0.9254807692307693 0.3317307692307692 0.13701923076923078 0.20192307692307693
0 0.4387019230769231 0.22355769230769232 0.056490384615384616 0.07692307692307693
2 0.7019230769230769 0.7391826923076923 0.3245192307692308 0.3786057692307692