1 0.4206730769230769 0.6850961538461539 0.20673076923076922 0.2620192307692308
1 0.8112980769230769 0.6165865384615384 0.1310096153846154 0.17908653846153846
1 0.6682692307692307 0.6983173076923077 0.1658653846153846 0.1875
1 0.6875 0.40024038461538464 0.1502403846153846 0.16706730769230768
1 0.5192307692307693 0.46274038461538464 0.171875 0.18389423076923078
1 0.3581730769230769 0.2548076923076923 0.14423076923076922 0.1935096153846154
1 0.18389423076923078 0.21514423076923078 0.16826923076923078 0.23076923076923078
1 0.5384615384615384 0.14543269230769232 0.18389423076923078 0.2127403846153846
1 0.7944711538461539 0.21875 0.17668269230769232 0.2247596153846154
1 0.19951923076923078 0.6766826923076923 0.15625 0.19110576923076922
1 0.1466346153846154 0.4651442307692308 0.16826923076923078 0.23918269230769232
1 0.5612980769230769 0.8762019230769231 0.17067307692307693 0.22235576923076922
2 0.8137019230769231 0.8329326923076923 0.3713942307692308 0.3293269230769231