1 0.6802884615384616 0.2692307692307692 0.19831730769230768 0.27283653846153844
1 0.7548076923076923 0.6598557692307693 0.1935096153846154 0.20793269230769232
1 0.23918269230769232 0.46274038461538464 0.1814903846153846 0.19951923076923078
1 0.5408653846153846 0.49759615384615385 0.1658653846153846 0.1875
1 0.6129807692307693 0.07451923076923077 0.19951923076923078 0.14543269230769232
1 0.21754807692307693 0.22355769230769232 0.15985576923076922 0.21033653846153846
1 0.9158653846153846 0.15504807692307693 0.16346153846153846 0.21875
1 0.8317307692307693 0.33533653846153844 0.15504807692307693 0.2536057692307692
1 0.8990384615384616 0.9266826923076923 0.14543269230769232 0.14182692307692307
1 0.3401442307692308 0.11057692307692307 0.13942307692307693 0.20793269230769232
0 0.17548076923076922 0.890625 0.078125 0.09014423076923077
2 0.5240384615384616 0.7776442307692307 0.3942307692307692 0.4411057692307692