2 0.5456730769230769 0.4675480769230769 0.33653846153846156 0.4483173076923077
1 0.30408653846153844 0.7536057692307693 0.17067307692307693 0.22235576923076922
1 0.23557692307692307 0.8653846153846154 0.17067307692307693 0.22235576923076922
1 0.06971153846153846 0.7848557692307693 0.13701923076923078 0.22235576923076922
1 0.22716346153846154 0.5504807692307693 0.20793269230769232 0.21875
1 0.26802884615384615 0.33413461538461536 0.20793269230769232 0.21875
1 0.8269230769230769 0.32572115384615385 0.20793269230769232 0.21875
1 0.9098557692307693 0.296875 0.17668269230769232 0.19831730769230768
1 0.9122596153846154 0.5444711538461539 0.171875 0.23918269230769232
1 0.8112980769230769 0.7692307692307693 0.17307692307692307 0.23798076923076922
1 0.6165865384615384 0.7728365384615384 0.19471153846153846 0.23798076923076922
1 0.4963942307692308 0.7896634615384616 0.19471153846153846 0.23798076923076922
1 0.5096153846153846 0.9074519230769231 0.1935096153846154 0.1814903846153846
1 0.10576923076923077 0.32572115384615385 0.17307692307692307 0.21033653846153846
1 0.9194711538461539 0.09014423076923077 0.15745192307692307 0.17548076923076922
0 0.7043269230769231 0.06370192307692307 0.06971153846153846 0.08173076923076923
0 0.7992788461538461 0.13701923076923078 0.06971153846153846 0.08173076923076923
0 0.11057692307692307 0.4699519230769231 0.06971153846153846 0.08173076923076923