2 0.23317307692307693 0.5144230769230769 0.23317307692307693 0.28365384615384615
0 0.7307692307692307 0.625 0.08653846153846154 0.07091346153846154
1 0.4675480769230769 0.296875 0.18269230769230768 0.23557692307692307
1 0.3942307692307692 0.19831730769230768 0.12620192307692307 0.19591346153846154
1 0.6466346153846154 0.3870192307692308 0.15504807692307693 0.17668269230769232
1 0.7572115384615384 0.3798076923076923 0.18870192307692307 0.18990384615384615
1 0.4495192307692308 0.5132211538461539 0.18870192307692307 0.22235576923076922
1 0.4182692307692308 0.6634615384615384 0.18870192307692307 0.22235576923076922
1 0.3112980769230769 0.7776442307692307 0.18870192307692307 0.22235576923076922
1 0.49399038461538464 0.8713942307692307 0.18870192307692307 0.22235576923076922
1 0.7043269230769231 0.8533653846153846 0.18870192307692307 0.22235576923076922
1 0.8822115384615384 0.31850961538461536 0.18389423076923078 0.17908653846153846
1 0.9026442307692307 0.21394230769230768 0.18870192307692307 0.18990384615384615
1 0.7403846153846154 0.1201923076923077 0.16346153846153846 0.20673076923076922
1 0.21153846153846154 0.17548076923076922 0.203125 0.2536057692307692
1 0.11538461538461539 0.2668269230769231 0.171875 0.24158653846153846
1 0.06850961538461539 0.3942307692307692 0.1346153846153846 0.25600961538461536
1 0.0625 0.5336538461538461 0.12139423076923077 0.25841346153846156
1 0.05889423076923077 0.65625 0.11538461538461539 0.2127403846153846
1 0.05889423076923077 0.7524038461538461 0.11538461538461539 0.2127403846153846
1 0.10096153846153846 0.8473557692307693 0.12620192307692307 0.21634615384615385
1 0.09014423076923077 0.9399038461538461 0.14543269230769232 0.11658653846153846
1 0.39663461538461536 0.054086538461538464 0.14543269230769232 0.1045673076923077
1 0.5 0.078125 0.140625 0.15264423076923078