1 0.3557692307692308 0.7379807692307693 0.19110576923076922 0.23317307692307693
1 0.08173076923076923 0.7223557692307693 0.16105769230769232 0.21514423076923078
1 0.7740384615384616 0.2091346153846154 0.1622596153846154 0.21514423076923078
1 0.6983173076923077 0.2548076923076923 0.1622596153846154 0.21514423076923078
1 0.6153846153846154 0.3629807692307692 0.1778846153846154 0.2692307692307692
1 0.390625 0.4110576923076923 0.1971153846153846 0.23557692307692307
1 0.22716346153846154 0.09975961538461539 0.16346153846153846 0.19591346153846154
1 0.3786057692307692 0.21514423076923078 0.17668269230769232 0.2127403846153846
1 0.5733173076923077 0.09014423076923077 0.16826923076923078 0.17548076923076922
1 0.5192307692307693 0.6442307692307693 0.1466346153846154 0.19110576923076922
1 0.5324519230769231 0.7740384615384616 0.15625 0.18990384615384615
1 0.5324519230769231 0.8786057692307693 0.15625 0.18990384615384615
1 0.7175480769230769 0.9026442307692307 0.15625 0.18990384615384615
1 0.1971153846153846 0.734375 0.16346153846153846 0.23557692307692307
2 0.8762019230769231 0.7524038461538461 0.24519230769230768 0.3870192307692308
0 0.7379807692307693 0.6466346153846154 0.05889423076923077 0.07692307692307693
0 0.41225961538461536 0.05889423076923077 0.051682692307692304 0.09014423076923077