1 0.8353365384615384 0.0985576923076923 0.17067307692307693 0.18990384615384615
1 0.6262019230769231 0.5348557692307693 0.16826923076923078 0.23918269230769232
1 0.8377403846153846 0.8569711538461539 0.1310096153846154 0.22716346153846154
1 0.9230769230769231 0.2824519230769231 0.1310096153846154 0.22716346153846154
1 0.6826923076923077 0.8557692307692307 0.16826923076923078 0.23918269230769232
1 0.625 0.10096153846153846 0.1658653846153846 0.19831730769230768
1 0.18509615384615385 0.27884615384615385 0.19831730769230768 0.23798076923076922
1 0.4855769230769231 0.16346153846153846 0.1778846153846154 0.21033653846153846
1 0.10336538461538461 0.5180288461538461 0.19110576923076922 0.21033653846153846
1 0.7151442307692307 0.46875 0.17067307692307693 0.25
1 0.7127403846153846 0.6574519230769231 0.15144230769230768 0.21514423076923078
2 0.17668269230769232 0.8449519230769231 0.34975961538461536 0.30649038461538464
0 0.8317307692307693 0.421875 0.07211538461538461 0.08533653846153846