1 0.4326923076923077 0.8173076923076923 0.171875 0.20673076923076922
1 0.5997596153846154 0.8533653846153846 0.171875 0.20673076923076922
1 0.7884615384615384 0.8653846153846154 0.171875 0.20673076923076922
1 0.9086538461538461 0.6598557692307693 0.18028846153846154 0.23918269230769232
1 0.8581730769230769 0.09735576923076923 0.18028846153846154 0.19110576923076922
1 0.625 0.33052884615384615 0.1814903846153846 0.2439903846153846
1 0.7019230769230769 0.14423076923076922 0.17067307692307693 0.22956730769230768
1 0.052884615384615384 0.8088942307692307 0.10096153846153846 0.23918269230769232
1 0.07451923076923077 0.375 0.14543269230769232 0.2127403846153846
1 0.6911057692307693 0.49158653846153844 0.1466346153846154 0.2127403846153846
1 0.8389423076923077 0.24639423076923078 0.19110576923076922 0.20432692307692307
2 0.40024038461538464 0.4254807692307692 0.4074519230769231 0.3786057692307692