1 0.15865384615384615 0.7223557692307693 0.11778846153846154 0.28365384615384615
1 0.27403846153846156 0.35336538461538464 0.1778846153846154 0.20673076923076922
1 0.07211538461538461 0.4735576923076923 0.14182692307692307 0.20673076923076922
1 0.41346153846153844 0.7379807692307693 0.16105769230769232 0.20793269230769232
1 0.41346153846153844 0.90625 0.15504807692307693 0.18389423076923078
1 0.7896634615384616 0.5997596153846154 0.16105769230769232 0.19591346153846154
1 0.5697115384615384 0.4699519230769231 0.17668269230769232 0.19831730769230768
1 0.5276442307692307 0.21514423076923078 0.16826923076923078 0.23317307692307693
1 0.8161057692307693 0.07211538461538461 0.1622596153846154 0.13942307692307693
1 0.6875 0.19110576923076922 0.15264423076923078 0.19831730769230768
1 0.6778846153846154 0.4050480769230769 0.14543269230769232 0.2439903846153846
1 0.9122596153846154 0.6598557692307693 0.1310096153846154 0.19110576923076922
1 0.0889423076923077 0.16947115384615385 0.1502403846153846 0.22235576923076922
1 0.23798076923076922 0.09975961538461539 0.15264423076923078 0.19591346153846154
1 0.37740384615384615 0.08533653846153846 0.13581730769230768 0.16706730769230768
0 0.016826923076923076 0.6213942307692307 0.03125 0.0733173076923077
0 0.6310096153846154 0.5600961538461539 0.06370192307692307 0.0625
2 0.6875 0.8317307692307693 0.40625 0.3329326923076923