1 0.11778846153846154 0.7067307692307693 0.15264423076923078 0.1935096153846154
1 0.5540865384615384 0.8269230769230769 0.19230769230769232 0.21634615384615385
1 0.9050480769230769 0.5264423076923077 0.1875 0.2644230769230769
1 0.8449519230769231 0.1875 0.18870192307692307 0.2620192307692308
1 0.7127403846153846 0.08173076923076923 0.16826923076923078 0.15985576923076922
1 0.5901442307692307 0.6177884615384616 0.15985576923076922 0.1935096153846154
1 0.7524038461538461 0.6790865384615384 0.21153846153846154 0.2127403846153846
1 0.9314903846153846 0.8185096153846154 0.13221153846153846 0.2127403846153846
1 0.08052884615384616 0.90625 0.15144230769230768 0.18389423076923078
1 0.19230769230769232 0.15504807692307693 0.15985576923076922 0.23076923076923078
1 0.32572115384615385 0.5144230769230769 0.20192307692307693 0.24158653846153846
1 0.2800480769230769 0.7620192307692307 0.18028846153846154 0.19591346153846154