1 0.5649038461538461 0.24639423076923078 0.19230769230769232 0.2127403846153846
1 0.8245192307692307 0.28365384615384615 0.19230769230769232 0.2127403846153846
1 0.8112980769230769 0.40865384615384615 0.19230769230769232 0.2127403846153846
1 0.7427884615384616 0.6298076923076923 0.19110576923076922 0.17668269230769232
1 0.36899038461538464 0.5120192307692307 0.1502403846153846 0.21875
1 0.2127403846153846 0.6009615384615384 0.1502403846153846 0.21875
1 0.11899038461538461 0.2091346153846154 0.1502403846153846 0.21875
1 0.4375 0.9122596153846154 0.1622596153846154 0.17067307692307693
1 0.3942307692307692 0.3076923076923077 0.15985576923076922 0.18990384615384615
1 0.5252403846153846 0.6862980769230769 0.16706730769230768 0.21033653846153846
1 0.9362980769230769 0.8076923076923077 0.125 0.23918269230769232
1 0.0889423076923077 0.8557692307692307 0.171875 0.21634615384615385
2 0.7043269230769231 0.8473557692307693 0.33653846153846156 0.3004807692307692