1 0.14783653846153846 0.44350961538461536 0.13581730769230768 0.2247596153846154
1 0.4230769230769231 0.6838942307692307 0.19110576923076922 0.2247596153846154
1 0.875 0.49399038461538464 0.140625 0.2127403846153846
1 0.7427884615384616 0.44350961538461536 0.16346153846153846 0.21634615384615385
1 0.65625 0.8918269230769231 0.19110576923076922 0.2127403846153846
1 0.49399038461538464 0.9254807692307693 0.19471153846153846 0.14543269230769232
1 0.3004807692307692 0.9254807692307693 0.14423076923076922 0.14543269230769232
1 0.17067307692307693 0.9411057692307693 0.125 0.1141826923076923
1 0.2536057692307692 0.27163461538461536 0.14903846153846154 0.17307692307692307
1 0.41225961538461536 0.08774038461538461 0.171875 0.17067307692307693
1 0.23798076923076922 0.07451923076923077 0.16105769230769232 0.14423076923076922
1 0.6346153846153846 0.07451923076923077 0.16105769230769232 0.14423076923076922
1 0.8425480769230769 0.8461538461538461 0.12860576923076922 0.20432692307692307
1 0.6730769230769231 0.6911057692307693 0.1466346153846154 0.19110576923076922
1 0.8245192307692307 0.2764423076923077 0.16105769230769232 0.20192307692307693
2 0.46875 0.36177884615384615 0.28125 0.3942307692307692
0 0.09495192307692307 0.6430288461538461 0.109375 0.1310096153846154