1 0.6766826923076923 0.4362980769230769 0.140625 0.21875
1 0.5 0.9002403846153846 0.16826923076923078 0.19591346153846154
1 0.6442307692307693 0.8557692307692307 0.16706730769230768 0.19831730769230768
1 0.5733173076923077 0.6814903846153846 0.19110576923076922 0.22115384615384615
1 0.18269230769230768 0.7271634615384616 0.19110576923076922 0.22115384615384615
1 0.23798076923076922 0.4735576923076923 0.1502403846153846 0.21514423076923078
1 0.703125 0.1310096153846154 0.19951923076923078 0.24639423076923078
1 0.7740384615384616 0.9038461538461539 0.14543269230769232 0.1875
1 0.7331730769230769 0.6418269230769231 0.13701923076923078 0.23317307692307693
1 0.4387019230769231 0.07572115384615384 0.15745192307692307 0.14783653846153846
2 0.4543269230769231 0.36177884615384615 0.3762019230769231 0.4855769230769231