1 0.6105769230769231 0.6322115384615384 0.21514423076923078 0.22235576923076922
1 0.09375 0.5997596153846154 0.18389423076923078 0.2247596153846154
1 0.1310096153846154 0.3401442307692308 0.1814903846153846 0.23798076923076922
1 0.09254807692307693 0.09735576923076923 0.171875 0.19110576923076922
1 0.3269230769230769 0.3137019230769231 0.171875 0.1935096153846154
1 0.28846153846153844 0.5216346153846154 0.16346153846153846 0.1935096153846154
1 0.4879807692307692 0.41947115384615385 0.13701923076923078 0.2692307692307692
1 0.5144230769230769 0.8894230769230769 0.1622596153846154 0.20793269230769232
1 0.21995192307692307 0.8245192307692307 0.19471153846153846 0.22716346153846154
1 0.9182692307692307 0.5396634615384616 0.15985576923076922 0.23798076923076922
1 0.9182692307692307 0.3173076923076923 0.15985576923076922 0.23557692307692307
1 0.7415865384615384 0.7644230769230769 0.16105769230769232 0.23317307692307693
1 0.4206730769230769 0.6682692307692307 0.16105769230769232 0.23317307692307693
1 0.8786057692307693 0.06370192307692307 0.1935096153846154 0.12259615384615384
2 0.39903846153846156 0.13221153846153846 0.3545673076923077 0.2608173076923077