1 0.2668269230769231 0.8040865384615384 0.17307692307692307 0.17067307692307693
1 0.08774038461538461 0.7475961538461539 0.17307692307692307 0.17067307692307693
1 0.47596153846153844 0.8882211538461539 0.12379807692307693 0.20673076923076922
1 0.10817307692307693 0.29447115384615385 0.18870192307692307 0.21875
1 0.22596153846153846 0.45552884615384615 0.18870192307692307 0.21875
1 0.8737980769230769 0.4675480769230769 0.18870192307692307 0.21875
1 0.7680288461538461 0.4411057692307692 0.18870192307692307 0.21875
1 0.5240384615384616 0.5072115384615384 0.15144230769230768 0.16826923076923078
1 0.14543269230769232 0.0985576923076923 0.19110576923076922 0.1935096153846154
1 0.8942307692307693 0.25 0.12860576923076922 0.21634615384615385
1 0.9182692307692307 0.8197115384615384 0.16105769230769232 0.25600961538461536
1 0.6850961538461539 0.9242788461538461 0.15745192307692307 0.14783653846153846
0 0.36899038461538464 0.19591346153846154 0.06129807692307692 0.08774038461538461
0 0.8449519230769231 0.12620192307692307 0.0673076923076923 0.10216346153846154
2 0.5540865384615384 0.1814903846153846 0.3233173076923077 0.3581730769230769