2 0.2956730769230769 0.25 0.2860576923076923 0.3581730769230769
1 0.5192307692307693 0.3605769230769231 0.171875 0.25
1 0.6923076923076923 0.2956730769230769 0.171875 0.25
1 0.5637019230769231 0.6310096153846154 0.171875 0.25
1 0.37259615384615385 0.6754807692307693 0.16346153846153846 0.23557692307692307
1 0.5625 0.8786057692307693 0.19951923076923078 0.23918269230769232
1 0.8978365384615384 0.4266826923076923 0.19831730769230768 0.24158653846153846
1 0.18509615384615385 0.9302884615384616 0.17668269230769232 0.13581730769230768
1 0.13942307692307693 0.08052884615384616 0.1622596153846154 0.15625
1 0.1141826923076923 0.41586538461538464 0.13701923076923078 0.19831730769230768
1 0.8497596153846154 0.078125 0.15625 0.15264423076923078
1 0.9459134615384616 0.6358173076923077 0.1045673076923077 0.17067307692307693
1 0.9086538461538461 0.8413461538461539 0.18028846153846154 0.20793269230769232
1 0.09735576923076923 0.5769230769230769 0.1466346153846154 0.23798076923076922
0 0.23677884615384615 0.6586538461538461 0.06129807692307692 0.09975961538461539
1 0.6334134615384616 0.11538461538461539 0.19471153846153846 0.22716346153846154
1 0.4014423076923077 0.5961538461538461 0.1502403846153846 0.17067307692307693
1 0.35096153846153844 0.5420673076923077 0.1502403846153846 0.17067307692307693