1 0.18629807692307693 0.640625 0.171875 0.1814903846153846
1 0.6899038461538461 0.3161057692307692 0.17067307692307693 0.25
1 0.9002403846153846 0.5588942307692307 0.17067307692307693 0.25
1 0.07211538461538461 0.2127403846153846 0.14182692307692307 0.25
1 0.21033653846153846 0.2608173076923077 0.18269230769230768 0.24158653846153846
1 0.18028846153846154 0.40865384615384615 0.18269230769230768 0.24158653846153846
1 0.08173076923076923 0.8329326923076923 0.16105769230769232 0.2247596153846154
1 0.5685096153846154 0.09134615384615384 0.171875 0.17908653846153846
0 0.06971153846153846 0.5192307692307693 0.07932692307692307 0.09615384615384616
0 0.3233173076923077 0.4855769230769231 0.078125 0.0829326923076923
0 0.08173076923076923 0.030048076923076924 0.06610576923076923 0.056490384615384616
2 0.5913461538461539 0.7247596153846154 0.4795673076923077 0.5456730769230769