1 0.12259615384615384 0.7776442307692307 0.18269230769230768 0.24639423076923078
1 0.5336538461538461 0.2536057692307692 0.14903846153846154 0.21514423076923078
1 0.3581730769230769 0.13581730769230768 0.19230769230769232 0.19591346153846154
1 0.6742788461538461 0.21033653846153846 0.16706730769230768 0.19951923076923078
1 0.6418269230769231 0.8978365384615384 0.16706730769230768 0.19951923076923078
1 0.6899038461538461 0.5456730769230769 0.16706730769230768 0.19951923076923078
1 0.6814903846153846 0.44591346153846156 0.16706730769230768 0.19951923076923078
1 0.8725961538461539 0.27163461538461536 0.17067307692307693 0.2692307692307692
1 0.24278846153846154 0.16826923076923078 0.1466346153846154 0.22115384615384615
1 0.3557692307692308 0.8245192307692307 0.1466346153846154 0.22115384615384615
1 0.7692307692307693 0.7536057692307693 0.18028846153846154 0.21634615384615385
0 0.5697115384615384 0.6838942307692307 0.057692307692307696 0.06490384615384616
0 0.5036057692307693 0.8064903846153846 0.056490384615384616 0.07932692307692307
0 0.14182692307692307 0.23197115384615385 0.06610576923076923 0.08533653846153846
2 0.2704326923076923 0.5060096153846154 0.3557692307692308 0.4831730769230769