1 0.06971153846153846 0.6646634615384616 0.13701923076923078 0.24639423076923078
1 0.19831730769230768 0.3473557692307692 0.171875 0.25841346153846156
1 0.6009615384615384 0.5552884615384616 0.13942307692307693 0.21514423076923078
1 0.4110576923076923 0.6009615384615384 0.1778846153846154 0.17307692307692307
1 0.5432692307692307 0.7536057692307693 0.19110576923076922 0.21033653846153846
1 0.3557692307692308 0.8305288461538461 0.19110576923076922 0.21033653846153846
1 0.6237980769230769 0.11298076923076923 0.1502403846153846 0.20192307692307693
1 0.7307692307692307 0.26802884615384615 0.19951923076923078 0.17668269230769232
1 0.7908653846153846 0.8882211538461539 0.17668269230769232 0.21875
1 0.7788461538461539 0.6466346153846154 0.19831730769230768 0.21514423076923078
1 0.12980769230769232 0.8918269230769231 0.1875 0.2127403846153846
1 0.3245192307692308 0.12139423076923077 0.1502403846153846 0.20192307692307693
1 0.8701923076923077 0.4074519230769231 0.1502403846153846 0.20192307692307693
1 0.8161057692307693 0.08173076923076923 0.15144230769230768 0.15865384615384615
2 0.4543269230769231 0.32211538461538464 0.3233173076923077 0.46033653846153844