1 0.12139423076923077 0.3088942307692308 0.16706730769230768 0.2247596153846154
1 0.7247596153846154 0.6346153846153846 0.19230769230769232 0.22235576923076922
1 0.7391826923076923 0.8870192307692307 0.1935096153846154 0.22115384615384615
1 0.9182692307692307 0.11177884615384616 0.15504807692307693 0.21875
1 0.6057692307692307 0.41947115384615385 0.14423076923076922 0.19831730769230768
1 0.7896634615384616 0.2548076923076923 0.16706730769230768 0.20673076923076922
1 0.23798076923076922 0.578125 0.16706730769230768 0.20673076923076922
1 0.1502403846153846 0.6069711538461539 0.1875 0.21875
1 0.3245192307692308 0.2403846153846154 0.1622596153846154 0.21875
1 0.6754807692307693 0.4326923076923077 0.13701923076923078 0.17668269230769232
2 0.28966346153846156 0.8870192307692307 0.2644230769230769 0.22115384615384615
2 0.4567307692307692 0.6995192307692307 0.34975961538461536 0.5036057692307693