1 0.5528846153846154 0.11298076923076923 0.1622596153846154 0.18990384615384615
1 0.11298076923076923 0.5733173076923077 0.18389423076923078 0.25841346153846156
1 0.16346153846153846 0.8233173076923077 0.13942307692307693 0.23798076923076922
1 0.06971153846153846 0.8641826923076923 0.13701923076923078 0.23798076923076922
1 0.3473557692307692 0.4266826923076923 0.1658653846153846 0.19951923076923078
1 0.6887019230769231 0.38100961538461536 0.1658653846153846 0.19951923076923078
1 0.8629807692307693 0.7596153846153846 0.16105769230769232 0.21514423076923078
1 0.46634615384615385 0.5228365384615384 0.15144230769230768 0.19591346153846154
1 0.16706730769230768 0.15985576923076922 0.1502403846153846 0.21514423076923078
2 0.6622596153846154 0.6766826923076923 0.3112980769230769 0.4170673076923077
0 0.9735576923076923 0.31009615384615385 0.05048076923076923 0.07091346153846154
0 0.9074519230769231 0.9158653846153846 0.052884615384615384 0.08533653846153846