2 0.36778846153846156 0.2776442307692308 0.3389423076923077 0.3870192307692308
1 0.5793269230769231 0.3004807692307692 0.16706730769230768 0.2127403846153846
1 0.6634615384615384 0.3954326923076923 0.14423076923076922 0.18389423076923078
1 0.8737980769230769 0.5336538461538461 0.171875 0.19110576923076922
1 0.7572115384615384 0.6430288461538461 0.2127403846153846 0.25240384615384615
1 0.8822115384615384 0.15504807692307693 0.15745192307692307 0.25600961538461536
1 0.7319711538461539 0.09254807692307693 0.16105769230769232 0.1814903846153846
1 0.0625 0.38100961538461536 0.12139423076923077 0.23798076923076922
1 0.15985576923076922 0.5408653846153846 0.17307692307692307 0.23918269230769232
1 0.5769230769230769 0.6887019230769231 0.171875 0.1935096153846154
1 0.6634615384615384 0.8341346153846154 0.18629807692307693 0.21033653846153846
1 0.06850961538461539 0.8137019230769231 0.13221153846153846 0.1814903846153846
1 0.1814903846153846 0.9110576923076923 0.21153846153846154 0.17307692307692307
1 0.8665865384615384 0.8978365384615384 0.12620192307692307 0.19110576923076922
1 0.1622596153846154 0.28846153846153844 0.14903846153846154 0.3016826923076923
1 0.4266826923076923 0.6466346153846154 0.1875 0.23918269230769232
0 0.5504807692307693 0.5901442307692307 0.055288461538461536 0.06490384615384616