1 0.38221153846153844 0.25240384615384615 0.14423076923076922 0.21634615384615385
1 0.07211538461538461 0.35216346153846156 0.14182692307692307 0.21634615384615385
1 0.22956730769230768 0.12860576923076922 0.2091346153846154 0.25240384615384615
1 0.38100961538461536 0.47716346153846156 0.15144230769230768 0.24158653846153846
1 0.39783653846153844 0.9194711538461539 0.15504807692307693 0.15625
1 0.25600961538461536 0.7932692307692307 0.19471153846153846 0.23557692307692307
1 0.8064903846153846 0.3870192307692308 0.15504807692307693 0.21033653846153846
1 0.90625 0.5396634615384616 0.18389423076923078 0.2536057692307692
1 0.6634615384615384 0.5252403846153846 0.15745192307692307 0.2127403846153846
1 0.5745192307692307 0.8930288461538461 0.1935096153846154 0.21033653846153846
1 0.6322115384615384 0.21033653846153846 0.17668269230769232 0.2247596153846154
0 0.8293269230769231 0.20673076923076922 0.05889423076923077 0.0829326923076923
2 0.8293269230769231 0.8209134615384616 0.33653846153846156 0.3581730769230769