1 0.4543269230769231 0.6478365384615384 0.16105769230769232 0.19110576923076922
1 0.3425480769230769 0.09735576923076923 0.16105769230769232 0.18990384615384615
1 0.6670673076923077 0.32572115384615385 0.1622596153846154 0.22716346153846154
1 0.8737980769230769 0.3641826923076923 0.19230769230769232 0.2536057692307692
1 0.3954326923076923 0.296875 0.17548076923076922 0.21033653846153846
1 0.09014423076923077 0.2620192307692308 0.17067307692307693 0.20673076923076922
1 0.6346153846153846 0.5564903846153846 0.15745192307692307 0.23798076923076922
1 0.21153846153846154 0.46875 0.1778846153846154 0.25841346153846156
1 0.8209134615384616 0.7836538461538461 0.18028846153846154 0.24639423076923078
1 0.24639423076923078 0.9026442307692307 0.1622596153846154 0.18990384615384615
0 0.2704326923076923 0.7223557692307693 0.08413461538461539 0.09014423076923077
0 0.37259615384615385 0.5588942307692307 0.0673076923076923 0.09014423076923077
0 0.5661057692307693 0.6730769230769231 0.06971153846153846 0.09615384615384616
2 0.59375 0.8665865384615384 0.25 0.2620192307692308