1 0.8461538461538461 0.5324519230769231 0.21153846153846154 0.22235576923076922
1 0.6225961538461539 0.6057692307692307 0.13221153846153846 0.17668269230769232
1 0.6935096153846154 0.8040865384615384 0.15745192307692307 0.17908653846153846
1 0.4423076923076923 0.40625 0.15985576923076922 0.1875
1 0.7295673076923077 0.09495192307692307 0.15985576923076922 0.18509615384615385
1 0.39903846153846156 0.1875 0.15985576923076922 0.1875
1 0.4206730769230769 0.7524038461538461 0.15985576923076922 0.1875
1 0.8737980769230769 0.7367788461538461 0.16346153846153846 0.18990384615384615
1 0.8629807692307693 0.921875 0.16105769230769232 0.15264423076923078
1 0.0673076923076923 0.5588942307692307 0.1310096153846154 0.16706730769230768
2 0.15625 0.3870192307692308 0.2247596153846154 0.23798076923076922