1 0.5889423076923077 0.46634615384615385 0.13701923076923078 0.20793269230769232
1 0.5685096153846154 0.140625 0.1622596153846154 0.21514423076923078
1 0.3317307692307692 0.19951923076923078 0.12379807692307693 0.18509615384615385
1 0.7740384615384616 0.7019230769230769 0.13221153846153846 0.19110576923076922
1 0.7103365384615384 0.5564903846153846 0.14543269230769232 0.19951923076923078
1 0.7908653846153846 0.3473557692307692 0.14543269230769232 0.19951923076923078
1 0.5324519230769231 0.8834134615384616 0.16826923076923078 0.22956730769230768
1 0.054086538461538464 0.5348557692307693 0.1045673076923077 0.22115384615384615
1 0.3942307692307692 0.8581730769230769 0.15985576923076922 0.23798076923076922
1 0.11538461538461539 0.13701923076923078 0.14182692307692307 0.2247596153846154
2 0.2956730769230769 0.4699519230769231 0.2668269230769231 0.31850961538461536
0 0.8245192307692307 0.5600961538461539 0.051682692307692304 0.06610576923076923
0 0.29086538461538464 0.0733173076923077 0.05048076923076923 0.0829326923076923
0 0.09254807692307693 0.18389423076923078 0.030048076923076924 0.04807692307692308
0 0.6153846153846154 0.3293269230769231 0.055288461538461536 0.06610576923076923