1 0.9050480769230769 0.8521634615384616 0.17067307692307693 0.22115384615384615
1 0.7596153846153846 0.8161057692307693 0.17067307692307693 0.22115384615384615
1 0.2776442307692308 0.8605769230769231 0.14543269230769232 0.21634615384615385
1 0.5757211538461539 0.7091346153846154 0.18629807692307693 0.25240384615384615
1 0.6538461538461539 0.5348557692307693 0.18629807692307693 0.25240384615384615
1 0.6959134615384616 0.11899038461538461 0.17307692307692307 0.23317307692307693
1 0.8161057692307693 0.5180288461538461 0.15504807692307693 0.20192307692307693
1 0.15745192307692307 0.3088942307692308 0.16706730769230768 0.23076923076923078
1 0.18389423076923078 0.7079326923076923 0.19110576923076922 0.20793269230769232
1 0.40384615384615385 0.6802884615384616 0.16346153846153846 0.19831730769230768
1 0.4206730769230769 0.9002403846153846 0.1658653846153846 0.19591346153846154
1 0.25961538461538464 0.16947115384615385 0.16346153846153846 0.23076923076923078
1 0.37740384615384615 0.09735576923076923 0.15504807692307693 0.18990384615384615
0 0.8353365384615384 0.35336538461538464 0.051682692307692304 0.09375
0 0.7103365384615384 0.34615384615384615 0.08653846153846154 0.10817307692307693
0 0.20673076923076922 0.47836538461538464 0.06370192307692307 0.09375
0 0.20793269230769232 0.39903846153846156 0.05889423076923077 0.0733173076923077
2 0.453125 0.3389423076923077 0.3317307692307692 0.40625