1 0.3954326923076923 0.7307692307692307 0.2127403846153846 0.22235576923076922
1 0.5480769230769231 0.8774038461538461 0.14182692307692307 0.2127403846153846
1 0.8269230769230769 0.8473557692307693 0.16346153846153846 0.21875
1 0.6694711538461539 0.7487980769230769 0.16346153846153846 0.21875
1 0.6947115384615384 0.5432692307692307 0.16346153846153846 0.21875
1 0.5637019230769231 0.203125 0.18389423076923078 0.22235576923076922
1 0.38100961538461536 0.35336538461538464 0.18389423076923078 0.25600961538461536
1 0.671875 0.3918269230769231 0.1778846153846154 0.22956730769230768
1 0.3713942307692308 0.1141826923076923 0.18870192307692307 0.2247596153846154
1 0.18389423076923078 0.1141826923076923 0.20673076923076922 0.13701923076923078
1 0.9134615384615384 0.22235576923076922 0.17067307692307693 0.17307692307692307
1 0.9230769230769231 0.3449519230769231 0.1502403846153846 0.20673076923076922
1 0.8569711538461539 0.07091346153846154 0.14903846153846154 0.13701923076923078
1 0.6586538461538461 0.07091346153846154 0.14903846153846154 0.13701923076923078
2 0.1502403846153846 0.5504807692307693 0.2980769230769231 0.4230769230769231
0 0.2860576923076923 0.7127403846153846 0.06850961538461539 0.09134615384615384