1 0.08173076923076923 0.4387019230769231 0.1310096153846154 0.19831730769230768
1 0.46033653846153844 0.5492788461538461 0.16105769230769232 0.2644230769230769
1 0.8257211538461539 0.38822115384615385 0.16105769230769232 0.2644230769230769
1 0.7367788461538461 0.7884615384615384 0.17307692307692307 0.2608173076923077
1 0.6754807692307693 0.42788461538461536 0.14903846153846154 0.21033653846153846
1 0.6850961538461539 0.15985576923076922 0.14903846153846154 0.21033653846153846
1 0.06850961538461539 0.7536057692307693 0.1346153846153846 0.20793269230769232
1 0.9411057692307693 0.2536057692307692 0.1141826923076923 0.21033653846153846
2 0.3425480769230769 0.3137019230769231 0.265625 0.2439903846153846
0 0.4362980769230769 0.7956730769230769 0.06129807692307692 0.07451923076923077
0 0.7680288461538461 0.5685096153846154 0.06129807692307692 0.07451923076923077