1 0.23076923076923078 0.5180288461538461 0.15504807692307693 0.18990384615384615
1 0.34615384615384615 0.47836538461538464 0.15504807692307693 0.18990384615384615
1 0.8353365384615384 0.7199519230769231 0.15504807692307693 0.20673076923076922
1 0.9122596153846154 0.390625 0.15504807692307693 0.20673076923076922
1 0.7884615384615384 0.8942307692307693 0.1814903846153846 0.20192307692307693
1 0.5841346153846154 0.30528846153846156 0.1814903846153846 0.20192307692307693
1 0.9423076923076923 0.8341346153846154 0.11298076923076923 0.2644230769230769
2 0.3137019230769231 0.7848557692307693 0.38461538461538464 0.4254807692307692
0 0.5408653846153846 0.41947115384615385 0.06370192307692307 0.06490384615384616
0 0.5564903846153846 0.4855769230769231 0.055288461538461536 0.0829326923076923
0 0.6057692307692307 0.47836538461538464 0.056490384615384616 0.0733173076923077
0 0.4519230769230769 0.6478365384615384 0.0625 0.07091346153846154