1 0.11899038461538461 0.3112980769230769 0.15985576923076922 0.24759615384615385
1 0.0889423076923077 0.10336538461538461 0.15985576923076922 0.20192307692307693
1 0.2668269230769231 0.08173076923076923 0.19230769230769232 0.15865384615384615
1 0.5180288461538461 0.12860576923076922 0.18028846153846154 0.23317307692307693
1 0.6586538461538461 0.4807692307692308 0.18028846153846154 0.24158653846153846
1 0.21033653846153846 0.6598557692307693 0.15144230769230768 0.2127403846153846
1 0.07572115384615384 0.7692307692307693 0.14903846153846154 0.22956730769230768
1 0.35096153846153844 0.8040865384615384 0.1502403846153846 0.22956730769230768
1 0.5180288461538461 0.7415865384615384 0.15144230769230768 0.20793269230769232
1 0.6995192307692307 0.7223557692307693 0.17548076923076922 0.21033653846153846
1 0.8701923076923077 0.8762019230769231 0.17548076923076922 0.21033653846153846
1 0.6826923076923077 0.234375 0.15264423076923078 0.21033653846153846
1 0.43509615384615385 0.9278846153846154 0.14182692307692307 0.13942307692307693
1 0.2283653846153846 0.9266826923076923 0.17548076923076922 0.13701923076923078
2 0.3629807692307692 0.375 0.3701923076923077 0.47475961538461536
0 0.7908653846153846 0.4879807692307692 0.10576923076923077 0.13942307692307693
0 0.7704326923076923 0.13221153846153846 0.07211538461538461 0.08533653846153846