1 0.13221153846153846 0.4495192307692308 0.171875 0.19951923076923078
1 0.09495192307692307 0.17548076923076922 0.15144230769230768 0.20432692307692307
1 0.12620192307692307 0.8377403846153846 0.17548076923076922 0.20793269230769232
1 0.25721153846153844 0.7668269230769231 0.17548076923076922 0.20793269230769232
1 0.33653846153846156 0.6262019230769231 0.18028846153846154 0.25240384615384615
1 0.46274038461538464 0.8197115384615384 0.15144230769230768 0.19831730769230768
1 0.6274038461538461 0.7019230769230769 0.16105769230769232 0.1875
1 0.609375 0.23557692307692307 0.19110576923076922 0.22956730769230768
1 0.36778846153846156 0.10576923076923077 0.203125 0.20793269230769232
1 0.3473557692307692 0.32572115384615385 0.17067307692307693 0.1935096153846154
1 0.3870192307692308 0.39783653846153844 0.140625 0.1622596153846154
1 0.7235576923076923 0.08052884615384616 0.234375 0.15625
1 0.9074519230769231 0.5432692307692307 0.17668269230769232 0.16706730769230768
1 0.7992788461538461 0.3401442307692308 0.12980769230769232 0.17307692307692307
1 0.8725961538461539 0.3076923076923077 0.14903846153846154 0.22235576923076922
2 0.8677884615384616 0.796875 0.2608173076923077 0.3858173076923077
0 0.6995192307692307 0.5552884615384616 0.10817307692307693 0.15264423076923078
0 0.14182692307692307 0.28125 0.06971153846153846 0.09134615384615384
0 0.21514423076923078 0.09254807692307693 0.08173076923076923 0.08173076923076923