1 0.4567307692307692 0.15625 0.1778846153846154 0.21634615384615385
1 0.6838942307692307 0.40625 0.15625 0.19951923076923078
1 0.84375 0.5793269230769231 0.1814903846153846 0.25
1 0.6514423076923077 0.6646634615384616 0.1814903846153846 0.25
1 0.14182692307692307 0.4326923076923077 0.1778846153846154 0.14783653846153846
1 0.5132211538461539 0.8485576923076923 0.14182692307692307 0.17668269230769232
1 0.5252403846153846 0.7115384615384616 0.14182692307692307 0.17668269230769232
1 0.11658653846153846 0.9098557692307693 0.14182692307692307 0.17668269230769232
1 0.9002403846153846 0.7944711538461539 0.14182692307692307 0.17668269230769232
2 0.07451923076923077 0.5985576923076923 0.14543269230769232 0.2644230769230769
0 0.055288461538461536 0.2620192307692308 0.0625 0.07932692307692307
0 0.5877403846153846 0.28846153846153844 0.052884615384615384 0.07692307692307693
0 0.5300480769230769 0.26802884615384615 0.052884615384615384 0.07692307692307693
0 0.6286057692307693 0.22596153846153846 0.06370192307692307 0.08173076923076923