2 0.21754807692307693 0.5829326923076923 0.3629807692307692 0.5961538461538461
1 0.7932692307692307 0.7776442307692307 0.2091346153846154 0.20673076923076922
1 0.65625 0.49038461538461536 0.1502403846153846 0.1814903846153846
1 0.5516826923076923 0.5348557692307693 0.1502403846153846 0.1814903846153846
1 0.43028846153846156 0.7572115384615384 0.15264423076923078 0.31490384615384615
1 0.5637019230769231 0.7620192307692307 0.14903846153846154 0.19951923076923078
1 0.515625 0.8990384615384616 0.1502403846153846 0.19831730769230768
1 0.7908653846153846 0.3161057692307692 0.18870192307692307 0.22716346153846154
1 0.7824519230769231 0.10096153846153846 0.18870192307692307 0.19831730769230768
1 0.4254807692307692 0.3173076923076923 0.18269230769230768 0.18990384615384615
1 0.5721153846153846 0.3088942307692308 0.21394230769230768 0.2620192307692308
1 0.109375 0.2848557692307692 0.1971153846153846 0.25240384615384615
1 0.09014423076923077 0.0985576923076923 0.1778846153846154 0.1935096153846154
1 0.53125 0.06850961538461539 0.16826923076923078 0.13341346153846154
1 0.34615384615384615 0.14543269230769232 0.21153846153846154 0.23798076923076922
0 0.7379807692307693 0.9002403846153846 0.06370192307692307 0.07091346153846154
1 0.8233173076923077 0.41346153846153844 0.1502403846153846 0.1814903846153846
1 0.28725961538461536 0.9086538461538461 0.15144230769230768 0.17908653846153846