2 0.453125 0.39302884615384615 0.30288461538461536 0.4026442307692308
1 0.11778846153846154 0.7295673076923077 0.18269230769230768 0.21634615384615385
1 0.18629807692307693 0.8870192307692307 0.17307692307692307 0.22235576923076922
1 0.27283653846153844 0.7992788461538461 0.17307692307692307 0.22235576923076922
1 0.33413461538461536 0.6658653846153846 0.140625 0.22716346153846154
1 0.36899038461538464 0.7199519230769231 0.140625 0.22716346153846154
1 0.4026442307692308 0.7487980769230769 0.140625 0.22716346153846154
1 0.4567307692307692 0.7692307692307693 0.140625 0.22716346153846154
1 0.8557692307692307 0.7307692307692307 0.1658653846153846 0.2127403846153846
1 0.9158653846153846 0.8798076923076923 0.16346153846153846 0.21514423076923078
1 0.8798076923076923 0.12139423076923077 0.1658653846153846 0.2127403846153846
1 0.9014423076923077 0.20432692307692307 0.1935096153846154 0.2247596153846154
1 0.125 0.3713942307692308 0.1935096153846154 0.2247596153846154
1 0.20673076923076922 0.2439903846153846 0.1935096153846154 0.2247596153846154
1 0.12620192307692307 0.17307692307692307 0.1935096153846154 0.2247596153846154
1 0.5168269230769231 0.07451923076923077 0.19110576923076922 0.14543269230769232
1 0.4651442307692308 0.9435096153846154 0.13581730769230768 0.10817307692307693
1 0.53125 0.9507211538461539 0.1310096153846154 0.09375