2 0.3137019230769231 0.3786057692307692 0.2932692307692308 0.3545673076923077
1 0.1310096153846154 0.4567307692307692 0.13221153846153846 0.2536057692307692
1 0.7211538461538461 0.7764423076923077 0.16105769230769232 0.23918269230769232
1 0.8990384615384616 0.8112980769230769 0.16105769230769232 0.23918269230769232
1 0.8004807692307693 0.8449519230769231 0.16105769230769232 0.23918269230769232
1 0.44591346153846156 0.9134615384615384 0.18269230769230768 0.16826923076923078
1 0.29927884615384615 0.9134615384615384 0.18269230769230768 0.16826923076923078
1 0.2860576923076923 0.8473557692307693 0.1814903846153846 0.17067307692307693
1 0.6634615384615384 0.4098557692307692 0.16105769230769232 0.1935096153846154
1 0.8497596153846154 0.5048076923076923 0.16105769230769232 0.1935096153846154
1 0.5661057692307693 0.5372596153846154 0.20432692307692307 0.23798076923076922
1 0.8966346153846154 0.19831730769230768 0.12980769230769232 0.19591346153846154
1 0.04447115384615385 0.39302884615384615 0.08653846153846154 0.2776442307692308
1 0.2536057692307692 0.09735576923076923 0.23317307692307693 0.19110576923076922
1 0.42788461538461536 0.6117788461538461 0.1346153846153846 0.17668269230769232
1 0.3389423076923077 0.6875 0.1658653846153846 0.19110576923076922
1 0.5805288461538461 0.3737980769230769 0.16105769230769232 0.1935096153846154