1 0.7572115384615384 0.3293269230769231 0.17067307692307693 0.19591346153846154
1 0.5925480769230769 0.3473557692307692 0.15745192307692307 0.18990384615384615
1 0.6935096153846154 0.8569711538461539 0.15745192307692307 0.18990384615384615
1 0.15264423076923078 0.15504807692307693 0.18870192307692307 0.2608173076923077
1 0.5240384615384616 0.11658653846153846 0.22956730769230768 0.22956730769230768
1 0.35336538461538464 0.5216346153846154 0.17307692307692307 0.1935096153846154
1 0.41346153846153844 0.7367788461538461 0.12379807692307693 0.17307692307692307
1 0.5721153846153846 0.8112980769230769 0.15504807692307693 0.16466346153846154
1 0.8846153846153846 0.7908653846153846 0.18629807692307693 0.23557692307692307
1 0.45552884615384615 0.3161057692307692 0.17067307692307693 0.22115384615384615
1 0.7355769230769231 0.15264423076923078 0.15745192307692307 0.23076923076923078
2 0.5348557692307693 0.6153846153846154 0.2127403846153846 0.24759615384615385