1 0.2608173076923077 0.5120192307692307 0.1814903846153846 0.20673076923076922
1 0.35336538461538464 0.7247596153846154 0.15745192307692307 0.21634615384615385
1 0.2536057692307692 0.7379807692307693 0.14423076923076922 0.1875
1 0.38221153846153844 0.11298076923076923 0.18028846153846154 0.22235576923076922
1 0.7848557692307693 0.8377403846153846 0.15985576923076922 0.21634615384615385
1 0.7956730769230769 0.47596153846153844 0.16706730769230768 0.23076923076923078
1 0.7692307692307693 0.5745192307692307 0.1658653846153846 0.2127403846153846
1 0.49399038461538464 0.36778846153846156 0.171875 0.19831730769230768
1 0.9362980769230769 0.27403846153846156 0.12379807692307693 0.24759615384615385
1 0.9194711538461539 0.0733173076923077 0.15745192307692307 0.14182692307692307
1 0.7824519230769231 0.0733173076923077 0.15745192307692307 0.14182692307692307
1 0.5901442307692307 0.09735576923076923 0.15745192307692307 0.18990384615384615
1 0.7355769230769231 0.234375 0.15504807692307693 0.20192307692307693
1 0.4338942307692308 0.328125 0.15504807692307693 0.20192307692307693
1 0.18990384615384615 0.19471153846153846 0.15504807692307693 0.20192307692307693
1 0.11057692307692307 0.6262019230769231 0.16706730769230768 0.23076923076923078
1 0.47716346153846156 0.5600961538461539 0.15745192307692307 0.1502403846153846
1 0.9302884615384616 0.5949519230769231 0.13581730769230768 0.21875
2 0.6213942307692307 0.78125 0.24519230769230768 0.3245192307692308