1 0.7872596153846154 0.27403846153846156 0.15985576923076922 0.21033653846153846
1 0.8401442307692307 0.49759615384615385 0.19230769230769232 0.28365384615384615
1 0.6262019230769231 0.5504807692307693 0.17067307692307693 0.21634615384615385
1 0.11778846153846154 0.3329326923076923 0.16105769230769232 0.19591346153846154
1 0.35336538461538464 0.16826923076923078 0.1971153846153846 0.20793269230769232
1 0.20192307692307693 0.7139423076923077 0.14423076923076922 0.16466346153846154
1 0.5600961538461539 0.24759615384615385 0.17067307692307693 0.22956730769230768
1 0.1658653846153846 0.22716346153846154 0.14543269230769232 0.19951923076923078
1 0.3425480769230769 0.7572115384615384 0.14182692307692307 0.17668269230769232
1 0.37740384615384615 0.4254807692307692 0.15745192307692307 0.16826923076923078
1 0.21995192307692307 0.47596153846153844 0.15504807692307693 0.19831730769230768
1 0.33774038461538464 0.5 0.1466346153846154 0.15865384615384615
1 0.7872596153846154 0.7019230769230769 0 0
2 0.5889423076923077 0.8401442307692307 0.41586538461538464 0.3161057692307692