2 0.24879807692307693 0.5877403846153846 0.36778846153846156 0.41225961538461536
1 0.7163461538461539 0.5745192307692307 0.18870192307692307 0.2247596153846154
1 0.8834134615384616 0.3269230769230769 0.18870192307692307 0.2247596153846154
1 0.6550480769230769 0.7584134615384616 0.1658653846153846 0.20432692307692307
1 0.7956730769230769 0.7524038461538461 0.1658653846153846 0.20432692307692307
1 0.9014423076923077 0.6225961538461539 0.1658653846153846 0.20432692307692307
1 0.9158653846153846 0.8004807692307693 0.16346153846153846 0.20673076923076922
1 0.6346153846153846 0.19110576923076922 0.1658653846153846 0.20432692307692307
1 0.5769230769230769 0.19110576923076922 0.1658653846153846 0.20432692307692307
1 0.4963942307692308 0.15384615384615385 0.1658653846153846 0.20432692307692307
1 0.42788461538461536 0.13942307692307693 0.1658653846153846 0.20432692307692307
1 0.25721153846153844 0.09014423076923077 0.17548076923076922 0.17548076923076922
1 0.07572115384615384 0.484375 0.14903846153846154 0.2776442307692308
1 0.49158653846153844 0.9182692307692307 0.16105769230769232 0.15985576923076922
1 0.3581730769230769 0.9182692307692307 0.16105769230769232 0.15985576923076922
1 0.08052884615384616 0.08173076923076923 0.15745192307692307 0.15865384615384615
1 0.39783653846153844 0.3641826923076923 0.18269230769230768 0.16706730769230768
1 0.8245192307692307 0.9074519230769231 0.2512019230769231 0.1814903846153846
1 0.2980769230769231 0.2439903846153846 0.1346153846153846 0.22956730769230768
1 0.7824519230769231 0.09014423076923077 0.1971153846153846 0.17548076923076922