1 0.4206730769230769 0.3762019230769231 0.19831730769230768 0.23076923076923078
1 0.2127403846153846 0.5204326923076923 0.15504807692307693 0.20432692307692307
1 0.078125 0.10096153846153846 0.1502403846153846 0.19831730769230768
1 0.14543269230769232 0.30528846153846156 0.1935096153846154 0.20192307692307693
1 0.5192307692307693 0.6274038461538461 0.1502403846153846 0.17908653846153846
1 0.47475961538461536 0.7536057692307693 0.1622596153846154 0.23317307692307693
1 0.4519230769230769 0.8689903846153846 0.1622596153846154 0.23317307692307693
1 0.7019230769230769 0.5588942307692307 0.18389423076923078 0.17668269230769232
1 0.8497596153846154 0.9242788461538461 0.1778846153846154 0.14783653846153846
1 0.7800480769230769 0.7512019230769231 0.21995192307692307 0.24759615384615385
1 0.6141826923076923 0.8870192307692307 0.1658653846153846 0.22235576923076922
1 0.8954326923076923 0.10336538461538461 0.1875 0.20192307692307693
1 0.3088942307692308 0.8197115384615384 0.16105769230769232 0.21875
1 0.5600961538461539 0.13221153846153846 0.16105769230769232 0.21875
1 0.1310096153846154 0.6754807692307693 0.16105769230769232 0.21875
0 0.42788461538461536 0.1466346153846154 0.06370192307692307 0.09735576923076923
0 0.027644230769230768 0.20673076923076922 0.051682692307692304 0.09975961538461539
2 0.7259615384615384 0.3088942307692308 0.3112980769230769 0.34975961538461536