2 0.375 0.41346153846153844 0.2776442307692308 0.33533653846153844
1 0.28365384615384615 0.7944711538461539 0.18870192307692307 0.2439903846153846
1 0.5793269230769231 0.36538461538461536 0.1466346153846154 0.25240384615384615
1 0.7752403846153846 0.8028846153846154 0.14423076923076922 0.23557692307692307
1 0.7391826923076923 0.8762019230769231 0.14423076923076922 0.23557692307692307
1 0.4495192307692308 0.8149038461538461 0.1814903846153846 0.24158653846153846
1 0.7788461538461539 0.2692307692307692 0.15745192307692307 0.15985576923076922
1 0.9447115384615384 0.7223557692307693 0.10817307692307693 0.23798076923076922
1 0.90625 0.2536057692307692 0.1778846153846154 0.21875
1 0.6129807692307693 0.5793269230769231 0.18269230769230768 0.24639423076923078
1 0.7932692307692307 0.5961538461538461 0.18269230769230768 0.24639423076923078
1 0.17668269230769232 0.4495192307692308 0.1466346153846154 0.25240384615384615
0 0.17668269230769232 0.7211538461538461 0.05048076923076923 0.07932692307692307