2 0.7512019230769231 0.7524038461538461 0.1875 0.24639423076923078
1 0.3737980769230769 0.34615384615384615 0.1622596153846154 0.24639423076923078
1 0.5060096153846154 0.2800480769230769 0.16105769230769232 0.18990384615384615
1 0.4723557692307692 0.45913461538461536 0.16105769230769232 0.18990384615384615
1 0.4987980769230769 0.5096153846153846 0.16105769230769232 0.18990384615384615
1 0.9098557692307693 0.39783653846153844 0.16706730769230768 0.2536057692307692
1 0.9314903846153846 0.5084134615384616 0.1346153846153846 0.22115384615384615
1 0.8161057692307693 0.5576923076923077 0.13581730769230768 0.21875
1 0.7680288461538461 0.4963942307692308 0.13581730769230768 0.21875
1 0.7091346153846154 0.47836538461538464 0.13581730769230768 0.21875
1 0.6334134615384616 0.4338942307692308 0.13581730769230768 0.21875
1 0.8810096153846154 0.1778846153846154 0.13581730769230768 0.21875
1 0.8161057692307693 0.16346153846153846 0.13581730769230768 0.21875
1 0.6754807692307693 0.140625 0.13581730769230768 0.21875
1 0.21754807692307693 0.8882211538461539 0.13581730769230768 0.18509615384615385
1 0.09014423076923077 0.7596153846153846 0.13581730769230768 0.18509615384615385
1 0.09495192307692307 0.2512019230769231 0.13581730769230768 0.18509615384615385
1 0.10096153846153846 0.3894230769230769 0.15745192307692307 0.2127403846153846
1 0.13701923076923078 0.46274038461538464 0.15745192307692307 0.2127403846153846
1 0.15264423076923078 0.09014423076923077 0.15504807692307693 0.15865384615384615
1 0.2536057692307692 0.10576923076923077 0.15504807692307693 0.15865384615384615
1 0.27403846153846156 0.14423076923076922 0.15504807692307693 0.15865384615384615
1 0.9230769230769231 0.8088942307692307 0.1502403846153846 0.22115384615384615
1 0.5901442307692307 0.953125 0.1466346153846154 0.09014423076923077
1 0.36778846153846156 0.7463942307692307 0.17668269230769232 0.22115384615384615
1 0.31490384615384615 0.6129807692307693 0.17668269230769232 0.22115384615384615
1 0.23677884615384615 0.5769230769230769 0.17668269230769232 0.22115384615384615
0 0.23918269230769232 0.27884615384615385 0.06610576923076923 0.09615384615384616
0 0.5949519230769231 0.17067307692307693 0.051682692307692304 0.07932692307692307
1 0.08052884615384616 0.6201923076923077 0.15745192307692307 0.20673076923076922