1 0.23798076923076922 0.23076923076923078 0.18629807692307693 0.1935096153846154
1 0.0733173076923077 0.14783653846153846 0.14423076923076922 0.2920673076923077
1 0.09735576923076923 0.8858173076923077 0.14903846153846154 0.20793269230769232
1 0.5168269230769231 0.5793269230769231 0.20793269230769232 0.22956730769230768
1 0.1045673076923077 0.5396634615384616 0.20673076923076922 0.22956730769230768
1 0.8497596153846154 0.7223557692307693 0.20793269230769232 0.22956730769230768
1 0.7379807692307693 0.5396634615384616 0.15625 0.21634615384615385
1 0.7752403846153846 0.890625 0.15745192307692307 0.21514423076923078
1 0.42788461538461536 0.3125 0.1814903846153846 0.2127403846153846
1 0.2620192307692308 0.7163461538461539 0.1814903846153846 0.2127403846153846
2 0.49759615384615385 0.8245192307692307 0.19230769230769232 0.25240384615384615