1 0.7067307692307693 0.6165865384615384 0.1622596153846154 0.20432692307692307
1 0.7067307692307693 0.7391826923076923 0.1622596153846154 0.20432692307692307
1 0.9182692307692307 0.4963942307692308 0.16105769230769232 0.20673076923076922
1 0.6009615384615384 0.09134615384615384 0.16346153846153846 0.17908653846153846
1 0.1814903846153846 0.1935096153846154 0.16105769230769232 0.23317307692307693
1 0.7872596153846154 0.10697115384615384 0.1622596153846154 0.1814903846153846
1 0.7716346153846154 0.41466346153846156 0.1622596153846154 0.2247596153846154
1 0.47475961538461536 0.4483173076923077 0.1622596153846154 0.20432692307692307
1 0.0625 0.34615384615384615 0.12139423076923077 0.20793269230769232
1 0.5492788461538461 0.8677884615384616 0.15745192307692307 0.21033653846153846
1 0.5913461538461539 0.296875 0.15745192307692307 0.21033653846153846
2 0.27283653846153844 0.7920673076923077 0.25721153846153844 0.28725961538461536
0 0.2980769230769231 0.25 0.056490384615384616 0.07451923076923077
0 0.9663461538461539 0.8737980769230769 0.06370192307692307 0.08533653846153846