1 0.8365384615384616 0.3557692307692308 0.19110576923076922 0.25240384615384615
1 0.7548076923076923 0.6682692307692307 0.16826923076923078 0.25600961538461536
1 0.2620192307692308 0.4026442307692308 0.14543269230769232 0.21634615384615385
1 0.5336538461538461 0.15985576923076922 0.14543269230769232 0.21634615384615385
1 0.8149038461538461 0.10697115384615384 0.15745192307692307 0.21033653846153846
1 0.07932692307692307 0.6995192307692307 0.15625 0.2127403846153846
1 0.33413461538461536 0.5973557692307693 0.15745192307692307 0.2127403846153846
1 0.24639423076923078 0.7536057692307693 0.17668269230769232 0.20432692307692307
1 0.4206730769230769 0.7704326923076923 0.17668269230769232 0.20432692307692307
1 0.9230769230769231 0.7007211538461539 0.1502403846153846 0.21033653846153846
1 0.6971153846153846 0.22716346153846154 0.15144230769230768 0.20793269230769232
1 0.23798076923076922 0.8834134615384616 0.14423076923076922 0.15384615384615385
1 0.10216346153846154 0.14543269230769232 0.19831730769230768 0.20793269230769232
1 0.3870192307692308 0.3425480769230769 0.109375 0.2776442307692308
1 0.6213942307692307 0.8509615384615384 0.15985576923076922 0.21514423076923078
1 0.1045673076923077 0.4699519230769231 0.15985576923076922 0.21514423076923078
1 0.9206730769230769 0.9182692307692307 0.15625 0.15985576923076922
0 0.7259615384615384 0.9423076923076923 0.08653846153846154 0.11057692307692307
0 0.4987980769230769 0.8569711538461539 0.055288461538461536 0.04807692307692308
2 0.5564903846153846 0.5132211538461539 0.3786057692307692 0.4519230769230769