1 0.22956730769230768 0.6838942307692307 0.15985576923076922 0.20432692307692307
1 0.31009615384615385 0.11298076923076923 0.17307692307692307 0.22235576923076922
1 0.46274038461538464 0.0889423076923077 0.17307692307692307 0.17307692307692307
1 0.6706730769230769 0.08173076923076923 0.1778846153846154 0.15865384615384615
1 0.09735576923076923 0.42788461538461536 0.14903846153846154 0.17668269230769232
1 0.6430288461538461 0.7247596153846154 0.15504807692307693 0.20793269230769232
1 0.49278846153846156 0.7704326923076923 0.15504807692307693 0.20793269230769232
1 0.11177884615384616 0.9098557692307693 0.13942307692307693 0.17668269230769232
1 0.3786057692307692 0.4651442307692308 0.20432692307692307 0.2620192307692308
1 0.5961538461538461 0.9098557692307693 0.15504807692307693 0.17548076923076922
1 0.7043269230769231 0.9098557692307693 0.15504807692307693 0.17548076923076922
1 0.7572115384615384 0.5576923076923077 0.15264423076923078 0.17668269230769232
1 0.875 0.07451923076923077 0.2127403846153846 0.14423076923076922
2 0.5612980769230769 0.3401442307692308 0.3605769230769231 0.34975961538461536
0 0.21754807692307693 0.0673076923076923 0.055288461538461536 0.08173076923076923