1 0.36778846153846156 0.34615384615384615 0.16105769230769232 0.2536057692307692
1 0.20432692307692307 0.3004807692307692 0.17307692307692307 0.24759615384615385
1 0.5456730769230769 0.5504807692307693 0.1814903846153846 0.28725961538461536
1 0.8665865384615384 0.7608173076923077 0.17067307692307693 0.21634615384615385
1 0.4963942307692308 0.21754807692307693 0.15144230769230768 0.21033653846153846
1 0.27403846153846156 0.07572115384615384 0.1466346153846154 0.14783653846153846
1 0.8245192307692307 0.4639423076923077 0.15144230769230768 0.21033653846153846
1 0.8858173076923077 0.1778846153846154 0.18389423076923078 0.23918269230769232
1 0.07091346153846154 0.4675480769230769 0.13942307692307693 0.22716346153846154
1 0.7151442307692307 0.7692307692307693 0.1346153846153846 0.19831730769230768
1 0.6802884615384616 0.30528846153846156 0.15144230769230768 0.21033653846153846
2 0.3786057692307692 0.8245192307692307 0.3088942307692308 0.34615384615384615