2 0.21033653846153846 0.6394230769230769 0.3233173076923077 0.41225961538461536
1 0.4891826923076923 0.703125 0.1814903846153846 0.22716346153846154
1 0.7199519230769231 0.7379807692307693 0.17548076923076922 0.27524038461538464
1 0.6682692307692307 0.3125 0.18269230769230768 0.30408653846153844
1 0.22596153846153846 0.29927884615384615 0.171875 0.18990384615384615
1 0.4026442307692308 0.8557692307692307 0.171875 0.18990384615384615
1 0.5829326923076923 0.9110576923076923 0.171875 0.17307692307692307
1 0.9471153846153846 0.45913461538461536 0.10096153846153846 0.25240384615384615
1 0.8052884615384616 0.2403846153846154 0.15264423076923078 0.2439903846153846
1 0.9254807692307693 0.19951923076923078 0.14182692307692307 0.19951923076923078
1 0.8581730769230769 0.5612980769230769 0.15504807692307693 0.23076923076923078
1 0.37740384615384615 0.13581730769230768 0.18028846153846154 0.22115384615384615
1 0.2536057692307692 0.1814903846153846 0.18028846153846154 0.22115384615384615
1 0.7896634615384616 0.9194711538461539 0.15745192307692307 0.15625
1 0.5841346153846154 0.9170673076923077 0.15625 0.15865384615384615