1 0.7884615384615384 0.4326923076923077 0.1502403846153846 0.1814903846153846
1 0.8497596153846154 0.6370192307692307 0.13221153846153846 0.1875
1 0.9447115384615384 0.7391826923076923 0.10817307692307693 0.21634615384615385
1 0.8209134615384616 0.8317307692307693 0.16706730769230768 0.19110576923076922
1 0.140625 0.7427884615384616 0.14423076923076922 0.1935096153846154
1 0.12740384615384615 0.9098557692307693 0.17668269230769232 0.17668269230769232
1 0.2848557692307692 0.6959134615384616 0.19230769230769232 0.25
1 0.3293269230769231 0.4050480769230769 0.15144230769230768 0.22716346153846154
1 0.09134615384615384 0.09134615384615384 0.12379807692307693 0.17908653846153846
1 0.31850961538461536 0.19110576923076922 0.15745192307692307 0.1875
1 0.43028846153846156 0.9314903846153846 0.13581730769230768 0.13341346153846154
1 0.2247596153846154 0.20432692307692307 0.15144230769230768 0.25
1 0.9471153846153846 0.5300480769230769 0.10096153846153846 0.1935096153846154
1 0.4266826923076923 0.5552884615384616 0.1502403846153846 0.1814903846153846
2 0.5252403846153846 0.32091346153846156 0.3798076923076923 0.47475961538461536