2 0.29447115384615385 0.5817307692307693 0.2548076923076923 0.28125
1 0.4807692307692308 0.2956730769230769 0.19471153846153846 0.23317307692307693
1 0.1466346153846154 0.4411057692307692 0.14543269230769232 0.19591346153846154
1 0.12259615384615384 0.265625 0.20793269230769232 0.21514423076923078
1 0.38341346153846156 0.8257211538461539 0.15745192307692307 0.21033653846153846
1 0.2668269230769231 0.8509615384615384 0.15745192307692307 0.21033653846153846
1 0.2091346153846154 0.8473557692307693 0.15745192307692307 0.21033653846153846
1 0.10216346153846154 0.8473557692307693 0.15745192307692307 0.21033653846153846
1 0.5637019230769231 0.7487980769230769 0.15745192307692307 0.21033653846153846
1 0.7307692307692307 0.7379807692307693 0.15745192307692307 0.21033653846153846
1 0.8365384615384616 0.515625 0.15745192307692307 0.21033653846153846
1 0.8305288461538461 0.11778846153846154 0.18028846153846154 0.22716346153846154
1 0.6502403846153846 0.09975961538461539 0.1814903846153846 0.19591346153846154
1 0.2644230769230769 0.09975961538461539 0.1814903846153846 0.19591346153846154
1 0.2956730769230769 0.25961538461538464 0.1814903846153846 0.19831730769230768
0 0.036057692307692304 0.0829326923076923 0.06850961538461539 0.08774038461538461
0 0.8834134615384616 0.6430288461538461 0.055288461538461536 0.06490384615384616
1 0.6862980769230769 0.4723557692307692 0.19471153846153846 0.23317307692307693
1 0.8293269230769231 0.90625 0.13701923076923078 0.18389423076923078