1 0.3088942307692308 0.7319711538461539 0.140625 0.17668269230769232
1 0.2776442307692308 0.9170673076923077 0.1466346153846154 0.1622596153846154
1 0.6730769230769231 0.4807692307692308 0.16706730769230768 0.22716346153846154
1 0.8293269230769231 0.6622596153846154 0.13942307692307693 0.18389423076923078
1 0.7427884615384616 0.078125 0.12860576923076922 0.15264423076923078
1 0.8377403846153846 0.21754807692307693 0.17307692307692307 0.20673076923076922
1 0.21394230769230768 0.33774038461538464 0.1466346153846154 0.18389423076923078
1 0.5060096153846154 0.38221153846153844 0.15625 0.1935096153846154
1 0.8822115384615384 0.052884615384615384 0.15625 0.10216346153846154
1 0.9375 0.3786057692307692 0.12139423076923077 0.20793269230769232
1 0.9591346153846154 0.7223557692307693 0.078125 0.17668269230769232
1 0.9110576923076923 0.9074519230769231 0.17548076923076922 0.1814903846153846
1 0.5228365384615384 0.13701923076923078 0.19831730769230768 0.19951923076923078
2 0.4723557692307692 0.8449519230769231 0.2127403846153846 0.30649038461538464
0 0.4735576923076923 0.6610576923076923 0.06610576923076923 0.09014423076923077