1 0.296875 0.8389423076923077 0.1658653846153846 0.21033653846153846
1 0.4182692307692308 0.5673076923076923 0.15985576923076922 0.2439903846153846
1 0.5168269230769231 0.32211538461538464 0.15745192307692307 0.20673076923076922
1 0.7055288461538461 0.2692307692307692 0.17067307692307693 0.19591346153846154
1 0.8497596153846154 0.12139423076923077 0.18629807692307693 0.23317307692307693
1 0.9194711538461539 0.8161057692307693 0.15745192307692307 0.21634615384615385
1 0.1778846153846154 0.640625 0.20432692307692307 0.2644230769230769
1 0.09134615384615384 0.49399038461538464 0.18028846153846154 0.24639423076923078
1 0.7115384615384616 0.8125 0.1778846153846154 0.22956730769230768
1 0.5528846153846154 0.15865384615384615 0.1778846153846154 0.22956730769230768
1 0.07211538461538461 0.7764423076923077 0.140625 0.22716346153846154
2 0.8004807692307693 0.5540865384615384 0.3137019230769231 0.3713942307692308
0 0.17067307692307693 0.8233173076923077 0.0733173076923077 0.0829326923076923