1 0.7163461538461539 0.7355769230769231 0.18870192307692307 0.2620192307692308
1 0.3245192307692308 0.6310096153846154 0.2091346153846154 0.2620192307692308
1 0.09495192307692307 0.48677884615384615 0.18629807692307693 0.18509615384615385
1 0.06850961538461539 0.8870192307692307 0.1346153846153846 0.22115384615384615
1 0.29086538461538464 0.14423076923076922 0.19110576923076922 0.22716346153846154
1 0.25961538461538464 0.36778846153846156 0.19110576923076922 0.22716346153846154
1 0.5192307692307693 0.9098557692307693 0.17548076923076922 0.17668269230769232
1 0.9086538461538461 0.11177884615384616 0.13221153846153846 0.17307692307692307
1 0.6550480769230769 0.15985576923076922 0.20432692307692307 0.23798076923076922
1 0.4879807692307692 0.109375 0.17668269230769232 0.21514423076923078
1 0.5877403846153846 0.6754807692307693 0.171875 0.22235576923076922
2 0.5060096153846154 0.4050480769230769 0.3557692307692308 0.4266826923076923