1 0.055288461538461536 0.8185096153846154 0.10817307692307693 0.19951923076923078
1 0.140625 0.6742788461538461 0.1658653846153846 0.21875
1 0.2776442307692308 0.5612980769230769 0.1658653846153846 0.21875
1 0.30528846153846156 0.8737980769230769 0.1658653846153846 0.21875
1 0.41586538461538464 0.7151442307692307 0.15144230769230768 0.19831730769230768
1 0.515625 0.8810096153846154 0.1466346153846154 0.22956730769230768
1 0.7740384615384616 0.6334134615384616 0.1778846153846154 0.2247596153846154
1 0.7295673076923077 0.3918269230769231 0.17548076923076922 0.22956730769230768
1 0.19110576923076922 0.21634615384615385 0.16346153846153846 0.22956730769230768
1 0.7536057692307693 0.14182692307692307 0.16346153846153846 0.22956730769230768
1 0.5877403846153846 0.6502403846153846 0.1778846153846154 0.2247596153846154
1 0.7367788461538461 0.9014423076923077 0.16105769230769232 0.1935096153846154
1 0.9362980769230769 0.8016826923076923 0.125 0.22956730769230768
2 0.42788461538461536 0.30649038461538464 0.3605769230769231 0.46634615384615385
0 0.8725961538461539 0.3942307692307692 0.12379807692307693 0.14543269230769232
0 0.84375 0.039663461538461536 0.07211538461538461 0.07451923076923077