1 0.875 0.19471153846153846 0.1778846153846154 0.22716346153846154
1 0.5877403846153846 0.23076923076923078 0.1778846153846154 0.22716346153846154
1 0.17067307692307693 0.390625 0.1778846153846154 0.22716346153846154
1 0.2932692307692308 0.7692307692307693 0.1778846153846154 0.22716346153846154
1 0.4026442307692308 0.5048076923076923 0.1778846153846154 0.22716346153846154
1 0.453125 0.3713942307692308 0.1778846153846154 0.22716346153846154
1 0.27884615384615385 0.20673076923076922 0.15745192307692307 0.2247596153846154
1 0.4735576923076923 0.9002403846153846 0.1622596153846154 0.19591346153846154
1 0.8004807692307693 0.3894230769230769 0.1622596153846154 0.19591346153846154
1 0.9230769230769231 0.44350961538461536 0.1502403846153846 0.22956730769230768
2 0.6862980769230769 0.6911057692307693 0.38221153846153844 0.4567307692307692