1 0.6935096153846154 0.26802884615384615 0.18269230769230768 0.2608173076923077
1 0.49038461538461536 0.23918269230769232 0.1658653846153846 0.17548076923076922
1 0.8365384615384616 0.47836538461538464 0.1622596153846154 0.30649038461538464
1 0.671875 0.6682692307692307 0.15625 0.21514423076923078
1 0.2127403846153846 0.08533653846153846 0.17548076923076922 0.16706730769230768
1 0.7572115384615384 0.9254807692307693 0.11899038461538461 0.14423076923076922
1 0.41947115384615385 0.8401442307692307 0.20432692307692307 0.22115384615384615
1 0.5661057692307693 0.8028846153846154 0.13701923076923078 0.19831730769230768
1 0.07932692307692307 0.4110576923076923 0.15504807692307693 0.23076923076923078
1 0.8689903846153846 0.15985576923076922 0.15625 0.23076923076923078
1 0.9411057692307693 0.9074519230769231 0.1141826923076923 0.1814903846153846
2 0.4495192307692308 0.5264423076923077 0.3112980769230769 0.3641826923076923
1 0.23918269230769232 0.5 0.1658653846153846 0.17548076923076922
1 0.3161057692307692 0.7463942307692307 0.1971153846153846 0.22716346153846154