1 0.3137019230769231 0.4266826923076923 0.1346153846153846 0.20432692307692307
1 0.21995192307692307 0.4266826923076923 0.1346153846153846 0.20432692307692307
1 0.30408653846153844 0.8305288461538461 0.15144230769230768 0.20192307692307693
1 0.5829326923076923 0.8978365384615384 0.15264423076923078 0.19951923076923078
1 0.46634615384615385 0.5853365384615384 0.12980769230769232 0.23798076923076922
1 0.8786057692307693 0.6706730769230769 0.15504807692307693 0.23317307692307693
1 0.9507211538461539 0.29447115384615385 0.09495192307692307 0.23076923076923078
2 0.6706730769230769 0.5901442307692307 0.3473557692307692 0.40024038461538464
1 0.2956730769230769 0.24278846153846154 0.16346153846153846 0.19831730769230768
1 0.4543269230769231 0.21153846153846154 0.16346153846153846 0.19831730769230768
1 0.5564903846153846 0.14543269230769232 0.1778846153846154 0.19951923076923078