1 0.7103365384615384 0.12259615384615384 0.18028846153846154 0.24158653846153846
1 0.30288461538461536 0.6838942307692307 0.18028846153846154 0.24158653846153846
1 0.4675480769230769 0.6838942307692307 0.18028846153846154 0.24158653846153846
1 0.6286057692307693 0.8197115384615384 0.2091346153846154 0.2439903846153846
1 0.8004807692307693 0.7223557692307693 0.1466346153846154 0.23557692307692307
1 0.1466346153846154 0.26322115384615385 0.17548076923076922 0.20192307692307693
1 0.5300480769230769 0.07211538461538461 0.14423076923076922 0.13942307692307693
1 0.7103365384615384 0.3713942307692308 0.18028846153846154 0.24158653846153846
1 0.057692307692307696 0.4543269230769231 0.11298076923076923 0.23798076923076922
0 0.1201923076923077 0.9194711538461539 0.10576923076923077 0.12740384615384615
0 0.3425480769230769 0.8930288461538461 0.06129807692307692 0.08533653846153846
0 0.15985576923076922 0.4182692307692308 0.07211538461538461 0.11298076923076923
0 0.9747596153846154 0.30288461538461536 0.046875 0.10216346153846154
2 0.375 0.26802884615384615 0.3125 0.4230769230769231