1 0.3125 0.8341346153846154 0.1814903846153846 0.1935096153846154
1 0.12860576923076922 0.8713942307692307 0.17307692307692307 0.1875
1 0.41586538461538464 0.2848557692307692 0.1814903846153846 0.1935096153846154
1 0.6959134615384616 0.19831730769230768 0.18269230769230768 0.2247596153846154
1 0.7247596153846154 0.4338942307692308 0.14543269230769232 0.22716346153846154
1 0.9314903846153846 0.6081730769230769 0.1346153846153846 0.2668269230769231
1 0.2956730769230769 0.5108173076923077 0.15264423076923078 0.2127403846153846
1 0.4495192307692308 0.6983173076923077 0.15264423076923078 0.2127403846153846
1 0.16105769230769232 0.7295673076923077 0.15625 0.1875
1 0.5144230769230769 0.16706730769230768 0.17668269230769232 0.25
2 0.6298076923076923 0.6995192307692307 0.20673076923076922 0.2776442307692308
0 0.23557692307692307 0.4387019230769231 0.051682692307692304 0.06850961538461539
2 0.9326923076923077 0.3161057692307692 0.1310096153846154 0.2608173076923077