1 0.2692307692307692 0.3425480769230769 0.1778846153846154 0.23557692307692307
1 0.15144230769230768 0.16826923076923078 0.15625 0.23317307692307693
1 0.4074519230769231 0.2548076923076923 0.10817307692307693 0.21033653846153846
1 0.40625 0.4831730769230769 0.17548076923076922 0.22956730769230768
1 0.3762019230769231 0.6911057692307693 0.15264423076923078 0.20673076923076922
1 0.5552884615384616 0.6237980769230769 0.17307692307692307 0.21875
1 0.8882211538461539 0.8569711538461539 0.20192307692307693 0.2439903846153846
1 0.11538461538461539 0.5877403846153846 0.15745192307692307 0.21634615384615385
1 0.16346153846153846 0.7379807692307693 0.19230769230769232 0.2608173076923077
1 0.5733173076923077 0.3942307692307692 0.1658653846153846 0.21033653846153846
1 0.8149038461538461 0.18269230769230768 0.20793269230769232 0.17668269230769232
1 0.5721153846153846 0.09014423076923077 0.1778846153846154 0.17668269230769232
1 0.421875 0.08533653846153846 0.1466346153846154 0.16706730769230768
1 0.6730769230769231 0.8737980769230769 0.18629807692307693 0.24759615384615385
0 0.2548076923076923 0.7091346153846154 0.05048076923076923 0.06009615384615385
0 0.34615384615384615 0.8701923076923077 0.0673076923076923 0.08533653846153846
2 0.7800480769230769 0.5012019230769231 0.375 0.5396634615384616