1 0.5240384615384616 0.36778846153846156 0.1201923076923077 0.18990384615384615
1 0.8377403846153846 0.5516826923076923 0.1971153846153846 0.19951923076923078
1 0.6430288461538461 0.3786057692307692 0.16105769230769232 0.23076923076923078
1 0.3269230769230769 0.5276442307692307 0.20432692307692307 0.28725961538461536
1 0.11057692307692307 0.6838942307692307 0.1045673076923077 0.20432692307692307
1 0.7956730769230769 0.19831730769230768 0.1045673076923077 0.20432692307692307
1 0.8834134615384616 0.7644230769230769 0.1141826923076923 0.19951923076923078
1 0.09735576923076923 0.921875 0.1658653846153846 0.15264423076923078
1 0.4050480769230769 0.6850961538461539 0.16346153846153846 0.1875
2 0.6129807692307693 0.7692307692307693 0.30528846153846156 0.3233173076923077
0 0.26322115384615385 0.9194711538461539 0.04807692307692308 0.06850961538461539
1 0.6634615384615384 0.19591346153846154 0.1502403846153846 0.19951923076923078