1 0.23076923076923078 0.6057692307692307 0.16706730769230768 0.18389423076923078
1 0.13942307692307693 0.9074519230769231 0.16826923076923078 0.1814903846153846
1 0.47716346153846156 0.14423076923076922 0.16706730769230768 0.18509615384615385
1 0.8149038461538461 0.8028846153846154 0.17307692307692307 0.25240384615384615
1 0.6754807692307693 0.25240384615384615 0.17307692307692307 0.2536057692307692
1 0.7043269230769231 0.9158653846153846 0.16826923076923078 0.16466346153846154
1 0.1778846153846154 0.3701923076923077 0.1502403846153846 0.15985576923076922
1 0.23798076923076922 0.1658653846153846 0.17668269230769232 0.23557692307692307
1 0.8052884615384616 0.31971153846153844 0.140625 0.2439903846153846
1 0.2692307692307692 0.3641826923076923 0.1466346153846154 0.17548076923076922
1 0.06490384615384616 0.6875 0.12620192307692307 0.25841346153846156
2 0.43509615384615385 0.6995192307692307 0.3701923076923077 0.46274038461538464