1 0.4411057692307692 0.39663461538461536 0.17548076923076922 0.20673076923076922
1 0.3918269230769231 0.20432692307692307 0.2127403846153846 0.24158653846153846
1 0.5985576923076923 0.40625 0.17548076923076922 0.21634615384615385
1 0.8713942307692307 0.7127403846153846 0.1658653846153846 0.2127403846153846
1 0.9158653846153846 0.9026442307692307 0.16346153846153846 0.19110576923076922
1 0.3389423076923077 0.9182692307692307 0.1622596153846154 0.15985576923076922
1 0.5168269230769231 0.7115384615384616 0.1814903846153846 0.20192307692307693
1 0.07451923076923077 0.09735576923076923 0.1466346153846154 0.19110576923076922
1 0.7247596153846154 0.6213942307692307 0.16706730769230768 0.25841346153846156
1 0.6310096153846154 0.11658653846153846 0.17067307692307693 0.22956730769230768
1 0.9387019230769231 0.2704326923076923 0.1201923076923077 0.24639423076923078
1 0.8978365384615384 0.4855769230769231 0.15504807692307693 0.24639423076923078
1 0.2608173076923077 0.4723557692307692 0.18389423076923078 0.24158653846153846
0 0.4014423076923077 0.04927884615384615 0.07451923076923077 0.09375
2 0.6802884615384616 0.8689903846153846 0.3329326923076923 0.25841346153846156