1 0.5324519230769231 0.7163461538461539 0.16706730769230768 0.2127403846153846
1 0.4026442307692308 0.6730769230769231 0.13701923076923078 0.17548076923076922
1 0.13701923076923078 0.23076923076923078 0.13581730769230768 0.25841346153846156
1 0.8990384615384616 0.3605769230769231 0.16706730769230768 0.2127403846153846
1 0.33653846153846156 0.4483173076923077 0.17067307692307693 0.21634615384615385
1 0.46033653846153844 0.4567307692307692 0.15144230769230768 0.20192307692307693
1 0.5540865384615384 0.46634615384615385 0.15504807692307693 0.19110576923076922
1 0.3245192307692308 0.8665865384615384 0.15504807692307693 0.19110576923076922
1 0.055288461538461536 0.5120192307692307 0.10817307692307693 0.21033653846153846
1 0.28725961538461536 0.6766826923076923 0.15504807692307693 0.19110576923076922
1 0.7560096153846154 0.3557692307692308 0.1466346153846154 0.21634615384615385
1 0.8076923076923077 0.6069711538461539 0.18389423076923078 0.22716346153846154
1 0.7463942307692307 0.8028846153846154 0.18389423076923078 0.22716346153846154
2 0.5685096153846154 0.18629807692307693 0.3737980769230769 0.36899038461538464