1 0.34615384615384615 0.4495192307692308 0.1201923076923077 0.2980769230769231
1 0.2956730769230769 0.18870192307692307 0.1875 0.21033653846153846
1 0.2091346153846154 0.41346153846153844 0.14903846153846154 0.18990384615384615
1 0.171875 0.5889423076923077 0.16826923076923078 0.20673076923076922
1 0.4098557692307692 0.7692307692307693 0.1778846153846154 0.23317307692307693
1 0.4831730769230769 0.5420673076923077 0.1658653846153846 0.20432692307692307
1 0.6165865384615384 0.4110576923076923 0.18629807692307693 0.20192307692307693
1 0.10576923076923077 0.8149038461538461 0.18028846153846154 0.25841346153846156
1 0.08653846153846154 0.2776442307692308 0.17067307692307693 0.2247596153846154
1 0.59375 0.19951923076923078 0.14423076923076922 0.23317307692307693
1 0.6838942307692307 0.19110576923076922 0.1935096153846154 0.25240384615384615
1 0.8605769230769231 0.6442307692307693 0.16346153846153846 0.21634615384615385
1 0.8737980769230769 0.7668269230769231 0.1502403846153846 0.19110576923076922
1 0.8161057692307693 0.3449519230769231 0.15144230769230768 0.18509615384615385
2 0.6346153846153846 0.7692307692307693 0.3485576923076923 0.4266826923076923
0 0.47716346153846156 0.21634615384615385 0.04807692307692308 0.0625
0 0.7680288461538461 0.9555288461538461 0.038461538461538464 0.07692307692307693