1 0.7067307692307693 0.24639423076923078 0.15504807692307693 0.20793269230769232
1 0.29927884615384615 0.5252403846153846 0.16706730769230768 0.2127403846153846
1 0.5144230769230769 0.3173076923076923 0.12860576923076922 0.19831730769230768
1 0.5817307692307693 0.453125 0.16346153846153846 0.25240384615384615
1 0.41466346153846156 0.19110576923076922 0.13581730769230768 0.21514423076923078
1 0.7379807692307693 0.6225961538461539 0.19831730769230768 0.22956730769230768
1 0.8629807692307693 0.3317307692307692 0.19831730769230768 0.25
1 0.15865384615384615 0.40625 0.20793269230769232 0.1622596153846154
1 0.10336538461538461 0.8581730769230769 0.15745192307692307 0.19591346153846154
1 0.12259615384615384 0.09014423076923077 0.13221153846153846 0.17668269230769232
1 0.2932692307692308 0.2127403846153846 0.15625 0.23798076923076922
1 0.5865384615384616 0.0829326923076923 0.17668269230769232 0.1622596153846154
1 0.9411057692307693 0.8461538461538461 0.1141826923076923 0.24158653846153846
2 0.4387019230769231 0.7848557692307693 0.3713942307692308 0.4266826923076923