2 0.11298076923076923 0.5456730769230769 0.22235576923076922 0.2956730769230769
1 0.27524038461538464 0.6442307692307693 0.16706730769230768 0.25240384615384615
1 0.2956730769230769 0.34615384615384615 0.125 0.22115384615384615
1 0.3713942307692308 0.3545673076923077 0.125 0.22115384615384615
1 0.3581730769230769 0.21033653846153846 0.10817307692307693 0.17908653846153846
1 0.5264423076923077 0.6742788461538461 0.14423076923076922 0.22235576923076922
1 0.5889423076923077 0.9182692307692307 0.1658653846153846 0.15985576923076922
1 0.6442307692307693 0.9182692307692307 0.1658653846153846 0.15985576923076922
1 0.6622596153846154 0.6033653846153846 0.15144230769230768 0.21033653846153846
1 0.7896634615384616 0.5036057692307693 0.15144230769230768 0.21033653846153846
1 0.5576923076923077 0.4699519230769231 0.1814903846153846 0.21514423076923078
1 0.7932692307692307 0.9026442307692307 0.15504807692307693 0.19110576923076922
1 0.05889423076923077 0.7776442307692307 0.11538461538461539 0.21514423076923078
1 0.052884615384615384 0.2644230769230769 0.10336538461538461 0.2668269230769231
1 0.5661057692307693 0.08533653846153846 0.20432692307692307 0.16706730769230768
1 0.8569711538461539 0.6009615384615384 0.15144230769230768 0.21033653846153846
1 0.8341346153846154 0.6911057692307693 0.15144230769230768 0.21033653846153846
1 0.8149038461538461 0.8088942307692307 0.15144230769230768 0.21033653846153846
1 0.9459134615384616 0.8461538461538461 0.1045673076923077 0.20793269230769232
1 0.9098557692307693 0.1622596153846154 0.1778846153846154 0.2956730769230769
1 0.7836538461538461 0.20192307692307693 0.17668269230769232 0.25841346153846156
0 0.5745192307692307 0.23798076923076922 0.06610576923076923 0.09615384615384616
0 0.6658653846153846 0.22716346153846154 0.06610576923076923 0.09615384615384616
0 0.5036057692307693 0.09615384615384616 0.06610576923076923 0.09615384615384616
1 0.5324519230769231 0.36658653846153844 0.171875 0.22115384615384615