1 0.6814903846153846 0.34375 0.19230769230769232 0.20793269230769232
1 0.5300480769230769 0.6838942307692307 0.1875 0.2668269230769231
1 0.7872596153846154 0.5168269230769231 0.17668269230769232 0.24639423076923078
1 0.29447115384615385 0.8161057692307693 0.21153846153846154 0.21033653846153846
1 0.05889423076923077 0.359375 0.11538461538461539 0.2980769230769231
1 0.6057692307692307 0.13341346153846154 0.203125 0.24158653846153846
1 0.7728365384615384 0.125 0.13221153846153846 0.24639423076923078
1 0.9230769230769231 0.6694711538461539 0.15144230769230768 0.2608173076923077
1 0.9290865384615384 0.37259615384615385 0.13942307692307693 0.22956730769230768
1 0.9314903846153846 0.09014423076923077 0.1346153846153846 0.17668269230769232
1 0.5721153846153846 0.8918269230769231 0.1875 0.2127403846153846
0 0.8137019230769231 0.35697115384615385 0.046875 0.06490384615384616
0 0.6430288461538461 0.5012019230769231 0.0829326923076923 0.09735576923076923
2 0.42788461538461536 0.375 0.30649038461538464 0.36658653846153844