0 0.8257211538461539 0.4411057692307692 0.06971153846153846 0.0829326923076923
2 0.4338942307692308 0.4723557692307692 0.24278846153846154 0.3161057692307692
1 0.3473557692307692 0.6959134615384616 0.2283653846153846 0.22115384615384615
1 0.22115384615384615 0.4098557692307692 0.16105769230769232 0.21875
1 0.08052884615384616 0.23197115384615385 0.15745192307692307 0.21875
1 0.08052884615384616 0.1346153846153846 0.15745192307692307 0.21875
1 0.17668269230769232 0.06370192307692307 0.15264423076923078 0.12259615384615384
1 0.4110576923076923 0.21995192307692307 0.16826923076923078 0.13942307692307693
1 0.7091346153846154 0.6550480769230769 0.15504807692307693 0.23076923076923078
1 0.3762019230769231 0.8834134615384616 0.15625 0.22956730769230768
1 0.13701923076923078 0.6286057692307693 0.15504807692307693 0.23076923076923078
1 0.7091346153846154 0.13942307692307693 0.1814903846153846 0.2127403846153846
1 0.9411057692307693 0.3088942307692308 0.1141826923076923 0.21875
1 0.9086538461538461 0.7451923076923077 0.18028846153846154 0.21514423076923078
1 0.9278846153846154 0.9158653846153846 0.14182692307692307 0.16466346153846154
1 0.6706730769230769 0.8425480769230769 0.15504807692307693 0.23076923076923078
1 0.7992788461538461 0.9302884615384616 0.13942307692307693 0.13581730769230768