0 0.7007211538461539 0.4423076923076923 0.09254807692307693 0.09735576923076923
2 0.6466346153846154 0.8449519230769231 0.19230769230769232 0.17307692307692307
1 0.4362980769230769 0.3173076923076923 0.16706730769230768 0.22235576923076922
1 0.7151442307692307 0.16346153846153846 0.16706730769230768 0.22235576923076922
1 0.8822115384615384 0.19110576923076922 0.16706730769230768 0.22235576923076922
1 0.7980769230769231 0.5408653846153846 0.16706730769230768 0.22235576923076922
1 0.8305288461538461 0.8822115384615384 0.16706730769230768 0.22235576923076922
1 0.5324519230769231 0.6069711538461539 0.16706730769230768 0.22235576923076922
0 0.6081730769230769 0.7463942307692307 0.052884615384615384 0.06490384615384616
1 0.1466346153846154 0.6887019230769231 0.16706730769230768 0.22235576923076922
1 0.0625 0.6838942307692307 0.12139423076923077 0.2127403846153846
1 0.2091346153846154 0.4567307692307692 0.16706730769230768 0.22235576923076922
1 0.30649038461538464 0.6213942307692307 0.16706730769230768 0.22235576923076922
1 0.3088942307692308 0.8737980769230769 0.16706730769230768 0.22235576923076922
1 0.30528846153846156 0.8701923076923077 0.16706730769230768 0.22235576923076922
1 0.2536057692307692 0.1971153846153846 0.16706730769230768 0.22235576923076922
1 0.8028846153846154 0.234375 0.16706730769230768 0.22235576923076922
1 0.9447115384615384 0.6394230769230769 0.10817307692307693 0.2127403846153846
1 0.18028846153846154 0.8978365384615384 0.17067307692307693 0.19951923076923078
1 0.08413461538461539 0.3786057692307692 0.16346153846153846 0.22235576923076922
1 0.14783653846153846 0.09975961538461539 0.17067307692307693 0.19591346153846154
1 0.3425480769230769 0.09975961538461539 0.17067307692307693 0.19591346153846154
0 0.15264423076923078 0.3004807692307692 0.055288461538461536 0.06850961538461539