1 0.4050480769230769 0.6983173076923077 0.15985576923076922 0.1875
1 0.5745192307692307 0.7403846153846154 0.171875 0.18990384615384615
1 0.8185096153846154 0.8137019230769231 0.171875 0.21875
1 0.9134615384615384 0.46274038461538464 0.17067307692307693 0.22115384615384615
1 0.41586538461538464 0.45552884615384615 0.171875 0.21875
1 0.4098557692307692 0.24278846153846154 0.171875 0.21875
1 0.5516826923076923 0.19591346153846154 0.19110576923076922 0.25
1 0.6550480769230769 0.3942307692307692 0.1622596153846154 0.21033653846153846
1 0.7536057692307693 0.3425480769230769 0.1778846153846154 0.2439903846153846
1 0.7403846153846154 0.5745192307692307 0.1778846153846154 0.17908653846153846
1 0.8040865384615384 0.10576923076923077 0.18629807692307693 0.20793269230769232
1 0.28725961538461536 0.28846153846153844 0.140625 0.21875
1 0.07932692307692307 0.3233173076923077 0.15625 0.21634615384615385
1 0.09375 0.5192307692307693 0.15625 0.20432692307692307
1 0.7151442307692307 0.6370192307692307 0.1310096153846154 0.23557692307692307
2 0.1935096153846154 0.8016826923076923 0.3545673076923077 0.3918269230769231