1 0.1814903846153846 0.41947115384615385 0.15144230769230768 0.19831730769230768
1 0.052884615384615384 0.421875 0.10096153846153846 0.23918269230769232
1 0.4230769230769231 0.4483173076923077 0.19831730769230768 0.22956730769230768
1 0.7620192307692307 0.8161057692307693 0.16346153846153846 0.1875
1 0.9170673076923077 0.8545673076923077 0.1622596153846154 0.2247596153846154
1 0.7776442307692307 0.5733173076923077 0.1622596153846154 0.2247596153846154
1 0.8966346153846154 0.31490384615384615 0.203125 0.23798076923076922
1 0.7932692307692307 0.11899038461538461 0.1622596153846154 0.2247596153846154
1 0.6346153846153846 0.41225961538461536 0.1622596153846154 0.2247596153846154
1 0.3485576923076923 0.8040865384615384 0.16826923076923078 0.28725961538461536
1 0.18028846153846154 0.7379807692307693 0.15985576923076922 0.21634615384615385
1 0.19471153846153846 0.5252403846153846 0.15985576923076922 0.21634615384615385
1 0.2800480769230769 0.13221153846153846 0.11899038461538461 0.18990384615384615
1 0.5661057692307693 0.19591346153846154 0.14543269230769232 0.19591346153846154
1 0.6418269230769231 0.05889423076923077 0.17067307692307693 0.1141826923076923
1 0.12740384615384615 0.23317307692307693 0.14543269230769232 0.19591346153846154
1 0.1935096153846154 0.8689903846153846 0.18028846153846154 0.19110576923076922
2 0.5552884615384616 0.8653846153846154 0.33774038461538464 0.2644230769230769