1 0.2920673076923077 0.8413461538461539 0.17548076923076922 0.19110576923076922
1 0.5288461538461539 0.24519230769230768 0.18629807692307693 0.22235576923076922
1 0.8293269230769231 0.11778846153846154 0.18629807692307693 0.22235576923076922
1 0.9242788461538461 0.2920673076923077 0.14903846153846154 0.21634615384615385
1 0.8197115384615384 0.4387019230769231 0.18629807692307693 0.22235576923076922
1 0.16826923076923078 0.7764423076923077 0.12139423076923077 0.27283653846153844
1 0.7451923076923077 0.8870192307692307 0.1875 0.22115384615384615
1 0.7115384615384616 0.6634615384615384 0.18629807692307693 0.22235576923076922
1 0.6129807692307693 0.07932692307692307 0.18028846153846154 0.15384615384615385
1 0.15504807692307693 0.17548076923076922 0.18629807692307693 0.22235576923076922
2 0.36177884615384615 0.5288461538461539 0.3389423076923077 0.4338942307692308