1 0.42788461538461536 0.27524038461538464 0.18629807692307693 0.2127403846153846
1 0.5901442307692307 0.21514423076923078 0.14182692307692307 0.19831730769230768
1 0.6117788461538461 0.4254807692307692 0.14182692307692307 0.19831730769230768
1 0.7199519230769231 0.6009615384615384 0.14182692307692307 0.19831730769230768
1 0.33653846153846156 0.33533653846153844 0.125 0.16706730769230768
1 0.7776442307692307 0.9074519230769231 0.15625 0.1814903846153846
1 0.49278846153846156 0.9026442307692307 0.1814903846153846 0.18990384615384615
1 0.09975961538461539 0.9026442307692307 0.1814903846153846 0.18990384615384615
1 0.8617788461538461 0.2091346153846154 0.18028846153846154 0.20673076923076922
1 0.6899038461538461 0.08413461538461539 0.20793269230769232 0.16466346153846154
1 0.9278846153846154 0.8161057692307693 0.140625 0.21514423076923078
1 0.9447115384615384 0.5576923076923077 0.10576923076923077 0.2776442307692308
1 0.1502403846153846 0.30288461538461536 0.1778846153846154 0.25600961538461536
1 0.12379807692307693 0.7067307692307693 0.1778846153846154 0.25600961538461536
2 0.2764423076923077 0.6225961538461539 0.19951923076923078 0.27884615384615385
0 0.49399038461538464 0.44591346153846156 0.06850961538461539 0.0829326923076923
0 0.4110576923076923 0.5793269230769231 0.06850961538461539 0.0829326923076923
1 0.8028846153846154 0.5805288461538461 0.10096153846153846 0.17668269230769232