1 0.14903846153846154 0.5408653846153846 0.203125 0.1935096153846154
1 0.0673076923076923 0.8990384615384616 0.1310096153846154 0.18990384615384615
1 0.19471153846153846 0.7752403846153846 0.1622596153846154 0.21634615384615385
1 0.8641826923076923 0.22355769230769232 0.1778846153846154 0.25600961538461536
1 0.6322115384615384 0.2536057692307692 0.18870192307692307 0.31009615384615385
1 0.9326923076923077 0.39903846153846156 0.1310096153846154 0.23557692307692307
1 0.9158653846153846 0.8713942307692307 0.16346153846153846 0.2536057692307692
1 0.6177884615384616 0.6033653846153846 0.1778846153846154 0.25600961538461536
1 0.6274038461538461 0.8713942307692307 0.18028846153846154 0.2536057692307692
1 0.42427884615384615 0.3870192307692308 0.21754807692307693 0.30649038461538464
2 0.4026442307692308 0.8161057692307693 0.3473557692307692 0.3641826923076923