1 0.6658653846153846 0.13341346153846154 0.16346153846153846 0.19951923076923078
1 0.8305288461538461 0.14543269230769232 0.16346153846153846 0.19951923076923078
1 0.6778846153846154 0.40024038461538464 0.16346153846153846 0.19951923076923078
1 0.4230769230769231 0.8028846153846154 0.17668269230769232 0.21875
1 0.31009615384615385 0.5997596153846154 0.18629807692307693 0.2536057692307692
1 0.28846153846153844 0.2247596153846154 0.14903846153846154 0.20793269230769232
1 0.7788461538461539 0.8377403846153846 0.18629807692307693 0.2536057692307692
1 0.6838942307692307 0.9290865384615384 0.15985576923076922 0.13701923076923078
1 0.8894230769230769 0.5420673076923077 0.18629807692307693 0.16706730769230768
1 0.11177884615384616 0.18870192307692307 0.18269230769230768 0.2644230769230769
1 0.4266826923076923 0.08653846153846154 0.140625 0.16826923076923078
1 0.3233173076923077 0.765625 0.18389423076923078 0.18990384615384615
1 0.609375 0.7860576923076923 0.16826923076923078 0.23557692307692307
2 0.44711538461538464 0.3954326923076923 0.31850961538461536 0.4375