1 0.8040865384615384 0.5144230769230769 0.17668269230769232 0.20432692307692307
1 0.7211538461538461 0.6021634615384616 0.17668269230769232 0.20432692307692307
1 0.6586538461538461 0.18509615384615385 0.17668269230769232 0.20432692307692307
1 0.8918269230769231 0.27403846153846156 0.18389423076923078 0.23557692307692307
1 0.8112980769230769 0.25600961538461536 0.15985576923076922 0.21634615384615385
1 0.36177884615384615 0.4543269230769231 0.17668269230769232 0.20432692307692307
1 0.5228365384615384 0.8473557692307693 0.17668269230769232 0.20432692307692307
1 0.9110576923076923 0.7403846153846154 0.17548076923076922 0.20673076923076922
1 0.44591346153846156 0.16706730769230768 0.17668269230769232 0.20432692307692307
1 0.12379807692307693 0.1935096153846154 0.17668269230769232 0.20432692307692307
1 0.12139423076923077 0.7475961538461539 0.17668269230769232 0.20432692307692307
1 0.2776442307692308 0.6850961538461539 0.17668269230769232 0.20432692307692307
1 0.15985576923076922 0.8966346153846154 0.1310096153846154 0.20192307692307693
1 0.19110576923076922 0.40384615384615385 0.2247596153846154 0.25
1 0.6995192307692307 0.9206730769230769 0.15144230769230768 0.15384615384615385
2 0.3137019230769231 0.8930288461538461 0.18269230769230768 0.21033653846153846
0 0.5901442307692307 0.20793269230769232 0.055288461538461536 0.0625