2 0.1778846153846154 0.6766826923076923 0.2824519230769231 0.40024038461538464
2 0.5853365384615384 0.7536057692307693 0.4230769230769231 0.4519230769230769
1 0.3401442307692308 0.5661057692307693 0.15985576923076922 0.24759615384615385
1 0.18629807692307693 0.39663461538461536 0.15745192307692307 0.21875
1 0.13221153846153846 0.265625 0.12980769230769232 0.1814903846153846
1 0.49399038461538464 0.4362980769230769 0.12980769230769232 0.1814903846153846
1 0.5504807692307693 0.4639423076923077 0.12980769230769232 0.1814903846153846
1 0.48197115384615385 0.234375 0.12980769230769232 0.1814903846153846
1 0.5444711538461539 0.24639423076923078 0.12980769230769232 0.1814903846153846
1 0.5949519230769231 0.25721153846153844 0.12980769230769232 0.1814903846153846
1 0.7860576923076923 0.07211538461538461 0.1466346153846154 0.13942307692307693
1 0.5805288461538461 0.0733173076923077 0.18028846153846154 0.14182692307692307
1 0.39903846153846156 0.04567307692307692 0.171875 0.08774038461538461
1 0.09014423076923077 0.0829326923076923 0.1310096153846154 0.1622596153846154
1 0.7379807692307693 0.2764423076923077 0.20673076923076922 0.21875
1 0.9362980769230769 0.6057692307692307 0.12379807692307693 0.22956730769230768
1 0.9447115384615384 0.453125 0.10576923076923077 0.1814903846153846
1 0.9411057692307693 0.24639423076923078 0.1141826923076923 0.17668269230769232