1 0.44591346153846156 0.5913461538461539 0.17668269230769232 0.19110576923076922
1 0.328125 0.41947115384615385 0.1814903846153846 0.23076923076923078
1 0.3245192307692308 0.41586538461538464 0.1814903846153846 0.23076923076923078
1 0.19471153846153846 0.5180288461538461 0.17067307692307693 0.21514423076923078
1 0.08653846153846154 0.08653846153846154 0.1502403846153846 0.16826923076923078
1 0.8137019230769231 0.15504807692307693 0.1622596153846154 0.1935096153846154
1 0.8509615384615384 0.3894230769230769 0.15985576923076922 0.20793269230769232
1 0.10817307692307693 0.7295673076923077 0.1310096153846154 0.1875
1 0.13581730769230768 0.3125 0.1310096153846154 0.1875
1 0.11538461538461539 0.49158653846153844 0.1310096153846154 0.1875
1 0.5817307692307693 0.6550480769230769 0.10336538461538461 0.21875
1 0.6466346153846154 0.21394230769230768 0.14423076923076922 0.1814903846153846
1 0.7271634615384616 0.38100961538461536 0.15745192307692307 0.17908653846153846
1 0.6165865384615384 0.9278846153846154 0.15745192307692307 0.13942307692307693
1 0.2956730769230769 0.6225961538461539 0.140625 0.20432692307692307
2 0.7716346153846154 0.6862980769230769 0.3004807692307692 0.4230769230769231
0 0.5096153846153846 0.8377403846153846 0.06370192307692307 0.07932692307692307