1 0.05889423076923077 0.7740384615384616 0.11538461538461539 0.22716346153846154
1 0.3870192307692308 0.9290865384615384 0.203125 0.13701923076923078
1 0.2848557692307692 0.9362980769230769 0.16346153846153846 0.12259615384615384
1 0.8557692307692307 0.8425480769230769 0.13942307692307693 0.18509615384615385
1 0.5552884615384616 0.7127403846153846 0.17548076923076922 0.1875
1 0.8942307692307693 0.1875 0.17307692307692307 0.22115384615384615
1 0.17307692307692307 0.3858173076923077 0.13221153846153846 0.1875
1 0.26802884615384615 0.6225961538461539 0.13221153846153846 0.1875
1 0.14423076923076922 0.5516826923076923 0.18028846153846154 0.23317307692307693
1 0.7716346153846154 0.6826923076923077 0.1658653846153846 0.14423076923076922
1 0.9158653846153846 0.6346153846153846 0.13942307692307693 0.18509615384615385
2 0.6514423076923077 0.34975961538461536 0.4182692307692308 0.5252403846153846