2 0.3076923076923077 0.5324519230769231 0.2536057692307692 0.2644230769230769
1 0.16826923076923078 0.22235576923076922 0.1346153846153846 0.2704326923076923
1 0.4423076923076923 0.6850961538461539 0.1466346153846154 0.19951923076923078
1 0.6286057692307693 0.7584134615384616 0.1466346153846154 0.19951923076923078
1 0.9254807692307693 0.5204326923076923 0.1466346153846154 0.2620192307692308
1 0.9254807692307693 0.3004807692307692 0.1466346153846154 0.2644230769230769
1 0.9387019230769231 0.10697115384615384 0.1201923076923077 0.21033653846153846
1 0.32091346153846156 0.0889423076923077 0.17067307692307693 0.17307692307692307
1 0.5036057692307693 0.08173076923076923 0.23076923076923078 0.15865384615384615
1 0.5588942307692307 0.39783653846153844 0.17067307692307693 0.17548076923076922
1 0.2776442307692308 0.8882211538461539 0.25721153846153844 0.20673076923076922
0 0.6658653846153846 0.4098557692307692 0.078125 0.07451923076923077
0 0.02403846153846154 0.6286057692307693 0.04567307692307692 0.08173076923076923
1 0.7776442307692307 0.5961538461538461 0.17307692307692307 0.2668269230769231
1 0.7151442307692307 0.8209134615384616 0.1466346153846154 0.19951923076923078
1 0.8028846153846154 0.8990384615384616 0.15745192307692307 0.19831730769230768