2 0.4807692307692308 0.5877403846153846 0.22355769230769232 0.2956730769230769
1 0.3245192307692308 0.3894230769230769 0.15625 0.19591346153846154
1 0.21514423076923078 0.8004807692307693 0.18629807692307693 0.21033653846153846
1 0.056490384615384616 0.3942307692307692 0.11057692307692307 0.21875
1 0.14423076923076922 0.28966346153846156 0.18629807692307693 0.20793269230769232
1 0.17548076923076922 0.13581730769230768 0.18629807692307693 0.20793269230769232
1 0.5793269230769231 0.09735576923076923 0.109375 0.19110576923076922
1 0.5612980769230769 0.2620192307692308 0.19471153846153846 0.19831730769230768
1 0.4495192307692308 0.2776442307692308 0.19951923076923078 0.23918269230769232
1 0.43028846153846156 0.8942307692307693 0.1875 0.20673076923076922
1 0.6274038461538461 0.7247596153846154 0.14182692307692307 0.1875
1 0.6850961538461539 0.5420673076923077 0.14182692307692307 0.1875
1 0.7764423076923077 0.921875 0.15264423076923078 0.15264423076923078
1 0.7692307692307693 0.10697115384615384 0.19230769230769232 0.21033653846153846
0 0.5997596153846154 0.8509615384615384 0.0673076923076923 0.08173076923076923
0 0.39783653846153844 0.7487980769230769 0.0673076923076923 0.08173076923076923
1 0.9158653846153846 0.7163461538461539 0.13701923076923078 0.22956730769230768
1 0.9519230769230769 0.38341346153846156 0.09375 0.22115384615384615
1 0.8930288461538461 0.25600961538461536 0.14543269230769232 0.22115384615384615