1 0.8713942307692307 0.2536057692307692 0.15985576923076922 0.2439903846153846
1 0.7463942307692307 0.8978365384615384 0.16105769230769232 0.19951923076923078
1 0.3713942307692308 0.23798076923076922 0.1622596153846154 0.25
1 0.2620192307692308 0.109375 0.1875 0.21514423076923078
1 0.09014423076923077 0.10096153846153846 0.17668269230769232 0.19831730769230768
1 0.5793269230769231 0.11057692307692307 0.1778846153846154 0.19951923076923078
1 0.17668269230769232 0.6454326923076923 0.1622596153846154 0.20432692307692307
1 0.22716346153846154 0.9086538461538461 0.14903846153846154 0.17908653846153846
0 0.8581730769230769 0.7860576923076923 0.078125 0.08533653846153846
0 0.35216346153846156 0.6838942307692307 0.051682692307692304 0.07692307692307693
2 0.5528846153846154 0.40384615384615385 0.34975961538461536 0.44591346153846156
1 0.5348557692307693 0.8978365384615384 0.171875 0.19951923076923078
1 0.8882211538461539 0.9158653846153846 0.16105769230769232 0.14423076923076922