1 0.39302884615384615 0.8004807692307693 0.16105769230769232 0.20192307692307693
1 0.06850961538461539 0.8725961538461539 0.13221153846153846 0.20432692307692307
1 0.5408653846153846 0.31850961538461536 0.234375 0.16706730769230768
1 0.3581730769230769 0.6021634615384616 0.19471153846153846 0.16706730769230768
1 0.4651442307692308 0.14302884615384615 0.1875 0.18509615384615385
1 0.18269230769230768 0.12139423076923077 0.1622596153846154 0.2127403846153846
1 0.5576923076923077 0.6334134615384616 0.1658653846153846 0.22115384615384615
1 0.7079326923076923 0.5625 0.1814903846153846 0.20793269230769232
1 0.7463942307692307 0.7403846153846154 0.18870192307692307 0.21514423076923078
1 0.9026442307692307 0.33052884615384615 0.17307692307692307 0.23076923076923078
1 0.8918269230769231 0.5012019230769231 0.14182692307692307 0.23076923076923078
1 0.5925480769230769 0.9254807692307693 0.15745192307692307 0.14543269230769232
0 0.8377403846153846 0.8870192307692307 0.07211538461538461 0.08533653846153846
0 0.9759615384615384 0.6550480769230769 0.04326923076923077 0.06490384615384616
2 0.13221153846153846 0.39663461538461536 0.2608173076923077 0.4098557692307692
0 0.03485576923076923 0.057692307692307696 0.056490384615384616 0.06009615384615385