2 0.30408653846153844 0.5901442307692307 0.2704326923076923 0.3713942307692308
0 0.18509615384615385 0.7175480769230769 0.06129807692307692 0.06490384615384616
0 0.26322115384615385 0.03245192307692308 0.06129807692307692 0.06009615384615385
0 0.6466346153846154 0.44711538461538464 0.06129807692307692 0.06490384615384616
1 0.11538461538461539 0.43509615384615385 0.17668269230769232 0.19110576923076922
1 0.0889423076923077 0.5060096153846154 0.17548076923076922 0.19110576923076922
1 0.5324519230769231 0.3918269230769231 0.16105769230769232 0.19110576923076922
1 0.6117788461538461 0.2644230769230769 0.16105769230769232 0.19110576923076922
1 0.5216346153846154 0.15384615384615385 0.18269230769230768 0.21634615384615385
1 0.796875 0.23076923076923078 0.21514423076923078 0.21634615384615385
1 0.8197115384615384 0.4230769230769231 0.16826923076923078 0.25
1 0.9338942307692307 0.8737980769230769 0.12740384615384615 0.25240384615384615
1 0.7379807692307693 0.8882211538461539 0.20793269230769232 0.21875
1 0.5168269230769231 0.9038461538461539 0.18389423076923078 0.1875
1 0.671875 0.6225961538461539 0.1622596153846154 0.20793269230769232
1 0.09014423076923077 0.1658653846153846 0.13221153846153846 0.28125