1 0.09975961538461539 0.5276442307692307 0.17548076923076922 0.18509615384615385
1 0.2980769230769231 0.7512019230769231 0.16706730769230768 0.22235576923076922
1 0.15264423076923078 0.6995192307692307 0.1310096153846154 0.2920673076923077
1 0.6346153846153846 0.6442307692307693 0.18389423076923078 0.21634615384615385
1 0.48677884615384615 0.7692307692307693 0.17067307692307693 0.17307692307692307
1 0.4495192307692308 0.5096153846153846 0.13701923076923078 0.2848557692307692
1 0.5721153846153846 0.4495192307692308 0.16706730769230768 0.22235576923076922
1 0.8978365384615384 0.6442307692307693 0.18269230769230768 0.22235576923076922
1 0.9026442307692307 0.3245192307692308 0.18269230769230768 0.22235576923076922
1 0.47475961538461536 0.9230769230769231 0.1875 0.1502403846153846
1 0.3004807692307692 0.5204326923076923 0.1935096153846154 0.17908653846153846
1 0.17427884615384615 0.2536057692307692 0.19230769230769232 0.21875
1 0.7043269230769231 0.5348557692307693 0.13701923076923078 0.17307692307692307
1 0.8125 0.06971153846153846 0.13701923076923078 0.13581730769230768
1 0.6430288461538461 0.8677884615384616 0.15144230769230768 0.2608173076923077
0 0.7980769230769231 0.17067307692307693 0.07692307692307693 0.0829326923076923
2 0.4735576923076923 0.19471153846153846 0.34375 0.3858173076923077