1 0.7836538461538461 0.8305288461538461 0.19230769230769232 0.21514423076923078
1 0.5168269230769231 0.45552884615384615 0.1778846153846154 0.16466346153846154
1 0.6105769230769231 0.6526442307692307 0.15745192307692307 0.21875
1 0.6598557692307693 0.32572115384615385 0.1814903846153846 0.22235576923076922
1 0.6802884615384616 0.09615384615384616 0.18028846153846154 0.1875
1 0.14423076923076922 0.8858173076923077 0.18870192307692307 0.2247596153846154
1 0.08774038461538461 0.6730769230769231 0.15625 0.19591346153846154
1 0.10576923076923077 0.18990384615384615 0.1935096153846154 0.20793269230769232
1 0.23798076923076922 0.07572115384615384 0.17067307692307693 0.14783653846153846
1 0.40865384615384615 0.07572115384615384 0.17067307692307693 0.14783653846153846
1 0.8689903846153846 0.265625 0.1658653846153846 0.21875
1 0.5793269230769231 0.7367788461538461 0.1658653846153846 0.21875
1 0.3473557692307692 0.8076923076923077 0.15985576923076922 0.17668269230769232
1 0.38100961538461536 0.2247596153846154 0.19471153846153846 0.2536057692307692
1 0.9362980769230769 0.38341346153846156 0.12379807692307693 0.20432692307692307
1 0.07692307692307693 0.3762019230769231 0.1502403846153846 0.1935096153846154
0 0.47596153846153844 0.8665865384615384 0.08653846153846154 0.09975961538461539
0 0.8713942307692307 0.5228365384615384 0.0985576923076923 0.13341346153846154
2 0.25 0.5168269230769231 0.328125 0.41225961538461536