1 0.6550480769230769 0.19951923076923078 0.15745192307692307 0.23317307692307693
1 0.8185096153846154 0.4411057692307692 0.15745192307692307 0.23317307692307693
1 0.7932692307692307 0.6911057692307693 0.19230769230769232 0.2247596153846154
1 0.9158653846153846 0.8617788461538461 0.16346153846153846 0.20673076923076922
1 0.7163461538461539 0.8858173076923077 0.16706730769230768 0.2247596153846154
1 0.9362980769230769 0.31490384615384615 0.125 0.2247596153846154
1 0.8052884615384616 0.09375 0.14543269230769232 0.18389423076923078
1 0.49158653846153844 0.8293269230769231 0.11778846153846154 0.22956730769230768
1 0.4206730769230769 0.828125 0.1875 0.18990384615384615
1 0.23197115384615385 0.8329326923076923 0.16346153846153846 0.22956730769230768
1 0.6550480769230769 0.38341346153846156 0.14182692307692307 0.17067307692307693
1 0.3641826923076923 0.15264423076923078 0.15625 0.1935096153846154
1 0.14182692307692307 0.515625 0.15625 0.1935096153846154
1 0.24158653846153846 0.1346153846153846 0.15144230769230768 0.22716346153846154
1 0.12860576923076922 0.3161057692307692 0.17668269230769232 0.23918269230769232
2 0.3737980769230769 0.5360576923076923 0.38100961538461536 0.49759615384615385