2 0.2776442307692308 0.8269230769230769 0.3425480769230769 0.34134615384615385
1 0.6189903846153846 0.8485576923076923 0.15625 0.1935096153846154
1 0.15504807692307693 0.49759615384615385 0.14543269230769232 0.25
1 0.7704326923076923 0.9158653846153846 0.13701923076923078 0.16466346153846154
1 0.7884615384615384 0.3581730769230769 0.13581730769230768 0.16706730769230768
1 0.7776442307692307 0.6983173076923077 0.13581730769230768 0.16706730769230768
1 0.7223557692307693 0.6935096153846154 0.14182692307692307 0.20793269230769232
1 0.5060096153846154 0.8257211538461539 0.14182692307692307 0.22716346153846154
1 0.9230769230769231 0.23076923076923078 0.14182692307692307 0.20192307692307693
1 0.8293269230769231 0.29086538461538464 0.14182692307692307 0.20192307692307693
1 0.6358173076923077 0.4411057692307692 0.09735576923076923 0.17067307692307693
1 0.5661057692307693 0.46634615384615385 0.10336538461538461 0.19591346153846154
1 0.5456730769230769 0.23677884615384615 0.1814903846153846 0.22716346153846154
1 0.5492788461538461 0.07211538461538461 0.16346153846153846 0.13942307692307693
1 0.6213942307692307 0.17067307692307693 0.16105769230769232 0.23317307692307693
1 0.2932692307692308 0.09975961538461539 0.16706730769230768 0.19591346153846154
1 0.07692307692307693 0.21033653846153846 0.15144230769230768 0.2620192307692308
1 0.3293269230769231 0.4411057692307692 0.14423076923076922 0.21634615384615385
1 0.8052884615384616 0.5504807692307693 0.15985576923076922 0.22956730769230768