1 0.11778846153846154 0.11298076923076923 0.171875 0.22115384615384615
1 0.30528846153846156 0.2548076923076923 0.171875 0.22235576923076922
1 0.078125 0.7908653846153846 0.15264423076923078 0.21033653846153846
1 0.47836538461538464 0.5 0.15985576923076922 0.21634615384615385
1 0.6526442307692307 0.2620192307692308 0.15985576923076922 0.21634615384615385
1 0.9182692307692307 0.38221153846153844 0.15985576923076922 0.21875
1 0.8533653846153846 0.5853365384615384 0.16105769230769232 0.21634615384615385
1 0.7127403846153846 0.5661057692307693 0.13701923076923078 0.17548076923076922
1 0.7572115384615384 0.9314903846153846 0.13942307692307693 0.13341346153846154
1 0.0985576923076923 0.32091346153846156 0.15985576923076922 0.21634615384615385
1 0.20072115384615385 0.609375 0.14903846153846154 0.25240384615384615
2 0.31971153846153844 0.8485576923076923 0.21153846153846154 0.2644230769230769