2 0.34615384615384615 0.2860576923076923 0.19831730769230768 0.25240384615384615
1 0.4495192307692308 0.6802884615384616 0.171875 0.21875
1 0.5360576923076923 0.24639423076923078 0.171875 0.21875
1 0.6262019230769231 0.6213942307692307 0.140625 0.19591346153846154
1 0.78125 0.7127403846153846 0.140625 0.19591346153846154
1 0.7247596153846154 0.7475961538461539 0.140625 0.19591346153846154
1 0.6165865384615384 0.8737980769230769 0.19471153846153846 0.22716346153846154
1 0.3870192307692308 0.5516826923076923 0.15264423076923078 0.18389423076923078
1 0.23557692307692307 0.7920673076923077 0.20192307692307693 0.23798076923076922
1 0.16346153846153846 0.09735576923076923 0.171875 0.18990384615384615
1 0.34975961538461536 0.11658653846153846 0.15504807692307693 0.16706730769230768
1 0.7211538461538461 0.09375 0.17307692307692307 0.18389423076923078
1 0.8942307692307693 0.3762019230769231 0.17307692307692307 0.18509615384615385
1 0.9002403846153846 0.5036057692307693 0.17307692307692307 0.18509615384615385
1 0.9254807692307693 0.6189903846153846 0.14543269230769232 0.20432692307692307
1 0.7980769230769231 0.3112980769230769 0.1466346153846154 0.20192307692307693
1 0.7151442307692307 0.23677884615384615 0.1466346153846154 0.20192307692307693
1 0.7307692307692307 0.3798076923076923 0.1466346153846154 0.20192307692307693
1 0.7307692307692307 0.4338942307692308 0.1622596153846154 0.20793269230769232
1 0.6923076923076923 0.4375 0.1622596153846154 0.20793269230769232
1 0.6286057692307693 0.4831730769230769 0.1622596153846154 0.20793269230769232
1 0.17307692307692307 0.6045673076923077 0.19110576923076922 0.21634615384615385
1 0.8088942307692307 0.9242788461538461 0.19831730769230768 0.14783653846153846
1 0.07091346153846154 0.8798076923076923 0.13942307692307693 0.23557692307692307
0 0.18870192307692307 0.2668269230769231 0.05889423076923077 0.09615384615384616