1 0.265625 0.5673076923076923 0.1875 0.24759615384615385
1 0.4483173076923077 0.5853365384615384 0.1778846153846154 0.2247596153846154
1 0.3641826923076923 0.10576923076923077 0.1502403846153846 0.20793269230769232
1 0.18389423076923078 0.31971153846153844 0.19471153846153846 0.2439903846153846
1 0.13221153846153846 0.4230769230769231 0.15144230769230768 0.22115384615384615
1 0.11177884615384616 0.8209134615384616 0.16105769230769232 0.25
1 0.6310096153846154 0.5745192307692307 0.16105769230769232 0.19951923076923078
1 0.8052884615384616 0.5072115384615384 0.18269230769230768 0.23557692307692307
1 0.6550480769230769 0.8052884615384616 0.18269230769230768 0.23557692307692307
1 0.29086538461538464 0.8569711538461539 0.18269230769230768 0.23557692307692307
1 0.9411057692307693 0.6887019230769231 0.1141826923076923 0.23557692307692307
1 0.7884615384615384 0.6298076923076923 0.1875 0.20673076923076922
1 0.5757211538461539 0.7752403846153846 0.18629807692307693 0.1875
1 0.7415865384615384 0.09495192307692307 0.18629807692307693 0.18509615384615385
2 0.5661057692307693 0.29086538461538464 0.3269230769230769 0.43990384615384615