1 0.29927884615384615 0.6310096153846154 0.18028846153846154 0.23317307692307693
1 0.6466346153846154 0.24639423076923078 0.18028846153846154 0.23317307692307693
1 0.7211538461538461 0.7151442307692307 0.18028846153846154 0.23317307692307693
1 0.5637019230769231 0.49278846153846156 0.1141826923076923 0.2439903846153846
1 0.31971153846153844 0.39302884615384615 0.1935096153846154 0.23918269230769232
1 0.5144230769230769 0.8713942307692307 0.16706730769230768 0.2247596153846154
1 0.3245192307692308 0.8377403846153846 0.19951923076923078 0.20432692307692307
1 0.8677884615384616 0.5564903846153846 0.18028846153846154 0.23317307692307693
1 0.8341346153846154 0.8918269230769231 0.15745192307692307 0.2127403846153846
1 0.5985576923076923 0.07692307692307693 0.1814903846153846 0.1502403846153846
1 0.49158653846153844 0.4891826923076923 0.18028846153846154 0.22956730769230768
1 0.19831730769230768 0.828125 0.19110576923076922 0.20192307692307693
2 0.3762019230769231 0.16706730769230768 0.3389423076923077 0.3293269230769231