2 0.28365384615384615 0.6838942307692307 0.2824519230769231 0.30649038461538464
0 0.75 0.21033653846153846 0.056490384615384616 0.07451923076923077
0 0.7115384615384616 0.08413461538461539 0.0829326923076923 0.10216346153846154
0 0.2860576923076923 0.9350961538461539 0.056490384615384616 0.07451923076923077
1 0.8966346153846154 0.6658653846153846 0.18629807692307693 0.21875
1 0.41947115384615385 0.42427884615384615 0.18629807692307693 0.21875
1 0.47836538461538464 0.35697115384615385 0.18629807692307693 0.21875
1 0.5769230769230769 0.390625 0.18629807692307693 0.21875
1 0.6490384615384616 0.3798076923076923 0.18629807692307693 0.21875
1 0.7163461538461539 0.42788461538461536 0.18629807692307693 0.21875
1 0.7752403846153846 0.44471153846153844 0.18629807692307693 0.21875
1 0.8834134615384616 0.3942307692307692 0.18629807692307693 0.21875
1 0.2692307692307692 0.11057692307692307 0.18629807692307693 0.21634615384615385
1 0.43149038461538464 0.11057692307692307 0.18629807692307693 0.21634615384615385
1 0.5492788461538461 0.1658653846153846 0.18629807692307693 0.21875
1 0.07932692307692307 0.5144230769230769 0.15504807692307693 0.2704326923076923
1 0.6538461538461539 0.9134615384615384 0.18870192307692307 0.16826923076923078