1 0.7427884615384616 0.5408653846153846 0.1935096153846154 0.23918269230769232
1 0.4411057692307692 0.8629807692307693 0.17307692307692307 0.17668269230769232
1 0.13942307692307693 0.10576923076923077 0.17307692307692307 0.20432692307692307
1 0.2776442307692308 0.59375 0.17307692307692307 0.20432692307692307
1 0.6598557692307693 0.3581730769230769 0.17307692307692307 0.20432692307692307
1 0.08533653846153846 0.40384615384615385 0.16706730769230768 0.22956730769230768
1 0.4699519230769231 0.3581730769230769 0.17307692307692307 0.20432692307692307
1 0.9086538461538461 0.21875 0.17307692307692307 0.20432692307692307
1 0.7283653846153846 0.08173076923076923 0.14903846153846154 0.15985576923076922
1 0.07211538461538461 0.7223557692307693 0.14182692307692307 0.1935096153846154
2 0.4963942307692308 0.6201923076923077 0.19831730769230768 0.3016826923076923
0 0.11658653846153846 0.8353365384615384 0.042067307692307696 0.05889423076923077
0 0.140625 0.9411057692307693 0.040865384615384616 0.0829326923076923