1 0.6394230769230769 0.33052884615384615 0.15625 0.23918269230769232
1 0.7055288461538461 0.8629807692307693 0.18028846153846154 0.20432692307692307
1 0.7572115384615384 0.4795673076923077 0.1875 0.24158653846153846
1 0.8076923076923077 0.6899038461538461 0.1814903846153846 0.17067307692307693
1 0.1658653846153846 0.9050480769230769 0.15264423076923078 0.18509615384615385
1 0.07692307692307693 0.5865384615384616 0.1502403846153846 0.20192307692307693
1 0.07692307692307693 0.36538461538461536 0.1502403846153846 0.20192307692307693
1 0.5204326923076923 0.15985576923076922 0.1935096153846154 0.23317307692307693
1 0.37259615384615385 0.34375 0.16706730769230768 0.22956730769230768
1 0.21754807692307693 0.2980769230769231 0.16706730769230768 0.22956730769230768
1 0.25841346153846156 0.18389423076923078 0.16706730769230768 0.22956730769230768
1 0.9399038461538461 0.4675480769230769 0.11778846153846154 0.21033653846153846
1 0.2283653846153846 0.5420673076923077 0.14903846153846154 0.19951923076923078
2 0.453125 0.5925480769230769 0.3473557692307692 0.46033653846153844