1 0.18028846153846154 0.2283653846153846 0.15625 0.28125
1 0.6730769230769231 0.08774038461538461 0.18028846153846154 0.17067307692307693
1 0.44711538461538464 0.1141826923076923 0.18629807692307693 0.21634615384615385
1 0.8533653846153846 0.375 0.18629807692307693 0.21634615384615385
1 0.36658653846153844 0.7079326923076923 0.18629807692307693 0.21634615384615385
1 0.2403846153846154 0.9026442307692307 0.18629807692307693 0.19110576923076922
1 0.5709134615384616 0.8497596153846154 0.17067307692307693 0.23798076923076922
1 0.15985576923076922 0.6598557692307693 0.1658653846153846 0.1814903846153846
1 0.3425480769230769 0.27283653846153844 0.16826923076923078 0.2247596153846154
1 0.2764423076923077 0.4807692307692308 0.22235576923076922 0.2608173076923077
1 0.8137019230769231 0.9122596153846154 0.171875 0.17067307692307693
1 0.9338942307692307 0.53125 0.12860576923076922 0.22115384615384615
2 0.5612980769230769 0.5144230769230769 0.3329326923076923 0.4338942307692308
0 0.13942307692307693 0.07091346153846154 0.05889423076923077 0.07932692307692307