1 0.10576923076923077 0.5192307692307693 0.16105769230769232 0.2247596153846154
1 0.21754807692307693 0.7415865384615384 0.19951923076923078 0.23317307692307693
1 0.8918269230769231 0.33413461538461536 0.171875 0.21875
1 0.6574519230769231 0.34375 0.1502403846153846 0.25
1 0.36538461538461536 0.5408653846153846 0.19471153846153846 0.22716346153846154
1 0.6730769230769231 0.7704326923076923 0.1502403846153846 0.25
1 0.5132211538461539 0.7848557692307693 0.15504807692307693 0.2704326923076923
1 0.7800480769230769 0.09615384615384616 0.16346153846153846 0.1875
1 0.38221153846153844 0.9266826923076923 0.13942307692307693 0.14182692307692307
1 0.6322115384615384 0.0889423076923077 0.15504807692307693 0.17307692307692307
1 0.10216346153846154 0.06850961538461539 0.18028846153846154 0.13341346153846154
1 0.9519230769230769 0.5877403846153846 0.09254807692307693 0.20793269230769232
1 0.06610576923076923 0.8978365384615384 0.12980769230769232 0.19951923076923078