1 0.7007211538461539 0.23317307692307693 0.15144230769230768 0.2668269230769231
1 0.8918269230769231 0.5012019230769231 0.15745192307692307 0.21875
1 0.8185096153846154 0.09254807692307693 0.16706730769230768 0.1814903846153846
1 0.3016826923076923 0.4723557692307692 0.16826923076923078 0.19951923076923078
1 0.38822115384615385 0.84375 0.17067307692307693 0.23798076923076922
1 0.6177884615384616 0.8497596153846154 0.15985576923076922 0.19110576923076922
1 0.2932692307692308 0.6622596153846154 0.16826923076923078 0.19951923076923078
1 0.24278846153846154 0.8774038461538461 0.17307692307692307 0.24158653846153846
1 0.4807692307692308 0.31850961538461536 0.17307692307692307 0.15384615384615385
1 0.41586538461538464 0.12139423076923077 0.10096153846153846 0.23798076923076922
1 0.8713942307692307 0.2608173076923077 0.14423076923076922 0.1875
1 0.7800480769230769 0.8317307692307693 0.14903846153846154 0.20432692307692307
1 0.07211538461538461 0.6117788461538461 0.14182692307692307 0.21875
2 0.4855769230769231 0.5973557692307693 0.3389423076923077 0.43990384615384615