1 0.1814903846153846 0.453125 0.15264423076923078 0.21033653846153846
1 0.36778846153846156 0.23677884615384615 0.15264423076923078 0.21033653846153846
1 0.2283653846153846 0.28365384615384615 0.14903846153846154 0.15865384615384615
1 0.3389423076923077 0.5228365384615384 0.171875 0.2247596153846154
1 0.45913461538461536 0.3942307692307692 0.19951923076923078 0.22956730769230768
1 0.7596153846153846 0.8581730769230769 0.17548076923076922 0.19110576923076922
1 0.8737980769230769 0.9098557692307693 0.15745192307692307 0.17668269230769232
1 0.7524038461538461 0.6430288461538461 0.20432692307692307 0.21875
1 0.8521634615384616 0.3713942307692308 0.15745192307692307 0.21875
1 0.11899038461538461 0.17548076923076922 0.21995192307692307 0.21875
1 0.6274038461538461 0.4567307692307692 0.15745192307692307 0.24759615384615385
2 0.3605769230769231 0.8052884615384616 0.3762019230769231 0.3858173076923077
0 0.2800480769230769 0.15264423076923078 0.051682692307692304 0.06610576923076923