1 0.11899038461538461 0.7836538461538461 0.1778846153846154 0.2668269230769231
1 0.5709134615384616 0.8786057692307693 0.18028846153846154 0.23798076923076922
1 0.8737980769230769 0.6286057692307693 0.18629807692307693 0.23918269230769232
1 0.8389423076923077 0.4254807692307692 0.1971153846153846 0.22115384615384615
1 0.9411057692307693 0.18629807692307693 0.11538461538461539 0.2644230769230769
1 0.8100961538461539 0.18990384615384615 0.14543269230769232 0.24158653846153846
1 0.6394230769230769 0.11177884615384616 0.1971153846153846 0.21875
1 0.6478365384615384 0.3137019230769231 0.18269230769230768 0.1935096153846154
1 0.43028846153846156 0.27403846153846156 0.18269230769230768 0.1935096153846154
1 0.6658653846153846 0.5300480769230769 0.1502403846153846 0.20673076923076922
1 0.8088942307692307 0.9098557692307693 0.15745192307692307 0.17548076923076922
1 0.3762019230769231 0.9242788461538461 0.15985576923076922 0.14783653846153846
1 0.31971153846153844 0.7584134615384616 0.17307692307692307 0.19591346153846154
1 0.10096153846153846 0.3425480769230769 0.19951923076923078 0.23076923076923078
2 0.4879807692307692 0.5709134615384616 0.3293269230769231 0.47475961538461536