1 0.46033653846153844 0.5697115384615384 0.16346153846153846 0.21514423076923078
1 0.796875 0.1875 0.14423076923076922 0.19591346153846154
1 0.9074519230769231 0.49399038461538464 0.15625 0.2127403846153846
1 0.11538461538461539 0.29447115384615385 0.15745192307692307 0.22235576923076922
1 0.6682692307692307 0.5985576923076923 0.15745192307692307 0.22235576923076922
1 0.17067307692307693 0.5192307692307693 0.15745192307692307 0.22235576923076922
1 0.5324519230769231 0.09014423076923077 0.1622596153846154 0.17668269230769232
1 0.31850961538461536 0.6598557692307693 0.1622596153846154 0.17908653846153846
1 0.5865384615384616 0.9026442307692307 0.171875 0.19110576923076922
1 0.40024038461538464 0.9278846153846154 0.20793269230769232 0.13942307692307693
1 0.18389423076923078 0.8786057692307693 0.16706730769230768 0.23798076923076922
2 0.33653846153846156 0.27884615384615385 0.3389423076923077 0.4170673076923077
2 0.5985576923076923 0.3629807692307692 0.2403846153846154 0.3004807692307692
0 0.9699519230769231 0.8353365384615384 0.051682692307692304 0.06610576923076923