1 0.6225961538461539 0.3762019230769231 0.17307692307692307 0.21033653846153846
1 0.6009615384615384 0.6514423076923077 0.17307692307692307 0.21033653846153846
1 0.6574519230769231 0.8425480769230769 0.17307692307692307 0.21033653846153846
1 0.31009615384615385 0.2620192307692308 0.17307692307692307 0.21033653846153846
1 0.17548076923076922 0.12139423076923077 0.12620192307692307 0.16826923076923078
1 0.3004807692307692 0.6237980769230769 0.15745192307692307 0.20673076923076922
1 0.18389423076923078 0.6682692307692307 0.15745192307692307 0.20673076923076922
1 0.2848557692307692 0.8209134615384616 0.16346153846153846 0.19110576923076922
1 0.8149038461538461 0.2644230769230769 0.16346153846153846 0.19110576923076922
1 0.7884615384615384 0.6346153846153846 0.19110576923076922 0.21033653846153846
1 0.9170673076923077 0.4651442307692308 0.1622596153846154 0.25600961538461536
1 0.6262019230769231 0.11057692307692307 0.16346153846153846 0.19110576923076922
1 0.6887019230769231 0.13341346153846154 0.16346153846153846 0.19110576923076922
1 0.9086538461538461 0.7776442307692307 0.16346153846153846 0.19110576923076922
2 0.11538461538461539 0.390625 0.2283653846153846 0.44350961538461536
0 0.3016826923076923 0.4723557692307692 0.05889423076923077 0.09735576923076923