1 0.5276442307692307 0.7620192307692307 0.18269230769230768 0.23317307692307693
1 0.6754807692307693 0.4855769230769231 0.18389423076923078 0.17548076923076922
1 0.7824519230769231 0.8365384615384616 0.16706730769230768 0.1935096153846154
1 0.8689903846153846 0.4387019230769231 0.16346153846153846 0.22716346153846154
1 0.8581730769230769 0.7271634615384616 0.15745192307692307 0.19110576923076922
1 0.7283653846153846 0.9290865384615384 0.1466346153846154 0.13701923076923078
1 0.15745192307692307 0.8365384615384616 0.12980769230769232 0.20192307692307693
1 0.3942307692307692 0.3449519230769231 0.15504807692307693 0.19831730769230768
1 0.8377403846153846 0.11298076923076923 0.15504807692307693 0.19831730769230768
1 0.65625 0.2932692307692308 0.18389423076923078 0.1935096153846154
1 0.12259615384615384 0.12379807692307693 0.15504807692307693 0.19831730769230768
1 0.23076923076923078 0.30649038461538464 0.1622596153846154 0.1875
1 0.4362980769230769 0.11177884615384616 0.16105769230769232 0.20673076923076922
1 0.5925480769230769 0.0829326923076923 0.16826923076923078 0.1622596153846154
1 0.27163461538461536 0.1045673076923077 0.14903846153846154 0.20432692307692307
1 0.08413461538461539 0.5012019230769231 0.16346153846153846 0.18509615384615385
2 0.32211538461538464 0.6730769230769231 0.2776442307692308 0.3870192307692308