2 0.40384615384615385 0.7391826923076923 0.23557692307692307 0.2920673076923077
1 0.3329326923076923 0.4519230769230769 0.1658653846153846 0.25841346153846156
1 0.0829326923076923 0.18990384615384615 0.1622596153846154 0.25841346153846156
1 0.22235576923076922 0.3317307692307692 0.16706730769230768 0.23317307692307693
1 0.1466346153846154 0.46634615384615385 0.1658653846153846 0.23317307692307693
1 0.21153846153846154 0.6045673076923077 0.16706730769230768 0.23317307692307693
1 0.13221153846153846 0.6586538461538461 0.1658653846153846 0.23317307692307693
1 0.08052884615384616 0.8221153846153846 0.15745192307692307 0.20673076923076922
1 0.5372596153846154 0.9170673076923077 0.1622596153846154 0.1622596153846154
1 0.6778846153846154 0.7692307692307693 0.1658653846153846 0.20793269230769232
1 0.7740384615384616 0.7620192307692307 0.12139423076923077 0.22235576923076922
1 0.8377403846153846 0.7115384615384616 0.1814903846153846 0.2692307692307692
1 0.9423076923076923 0.6213942307692307 0.11298076923076923 0.23076923076923078
1 0.9362980769230769 0.9038461538461539 0.125 0.1875
1 0.8677884615384616 0.2932692307692308 0.16105769230769232 0.18389423076923078
1 0.7091346153846154 0.3016826923076923 0.24879807692307693 0.25841346153846156
1 0.5564903846153846 0.09254807692307693 0.16105769230769232 0.1814903846153846
1 0.46033653846153844 0.3954326923076923 0.16105769230769232 0.18389423076923078
1 0.5745192307692307 0.5829326923076923 0.16105769230769232 0.18389423076923078
0 0.25600961538461536 0.7487980769230769 0.056490384615384616 0.09375
0 0.1971153846153846 0.7800480769230769 0.056490384615384616 0.09375
0 0.2956730769230769 0.9074519230769231 0.056490384615384616 0.09375
1 0.22235576923076922 0.08173076923076923 0.18389423076923078 0.15865384615384615