1 0.8822115384615384 0.4543269230769231 0.14543269230769232 0.20793269230769232
1 0.7632211538461539 0.296875 0.19471153846153846 0.23076923076923078
1 0.8689903846153846 0.7379807692307693 0.17067307692307693 0.23557692307692307
1 0.4855769230769231 0.6274038461538461 0.18870192307692307 0.23317307692307693
1 0.1778846153846154 0.3317307692307692 0.17548076923076922 0.23076923076923078
1 0.6887019230769231 0.6526442307692307 0.1971153846153846 0.22956730769230768
1 0.42788461538461536 0.35697115384615385 0.14423076923076922 0.18990384615384615
1 0.33653846153846156 0.25961538461538464 0.14423076923076922 0.18990384615384615
1 0.07451923076923077 0.08774038461538461 0.14182692307692307 0.17067307692307693
1 0.10697115384615384 0.5649038461538461 0.16346153846153846 0.17548076923076922
1 0.09495192307692307 0.65625 0.16826923076923078 0.21634615384615385
1 0.6286057692307693 0.43028846153846156 0.16706730769230768 0.3317307692307692
1 0.7824519230769231 0.08173076923076923 0.19471153846153846 0.15865384615384615
1 0.41947115384615385 0.23076923076923078 0.12980769230769232 0.16466346153846154
0 0.6790865384615384 0.8629807692307693 0.0673076923076923 0.07692307692307693
0 0.5552884615384616 0.47716346153846156 0.0673076923076923 0.07932692307692307
0 0.30649038461538464 0.4026442307692308 0.051682692307692304 0.09975961538461539
0 0.15625 0.06850961538461539 0.06850961538461539 0.07451923076923077
2 0.3004807692307692 0.8040865384615384 0.3581730769230769 0.3870192307692308