1 0.8197115384615384 0.17668269230769232 0.17307692307692307 0.1875
1 0.6742788461538461 0.21754807692307693 0.17668269230769232 0.20673076923076922
1 0.5552884615384616 0.5673076923076923 0.17668269230769232 0.20673076923076922
1 0.8245192307692307 0.5901442307692307 0.15745192307692307 0.18509615384615385
1 0.9278846153846154 0.4362980769230769 0.140625 0.24759615384615385
1 0.7223557692307693 0.4651442307692308 0.1778846153846154 0.24158653846153846
1 0.15504807692307693 0.8317307692307693 0.17668269230769232 0.20673076923076922
1 0.21634615384615385 0.10096153846153846 0.16706730769230768 0.19831730769230768
1 0.4855769230769231 0.8449519230769231 0.19230769230769232 0.22235576923076922
1 0.7536057692307693 0.8413461538461539 0.1935096153846154 0.2668269230769231
2 0.29447115384615385 0.3605769230769231 0.3605769230769231 0.4579326923076923
0 0.5528846153846154 0.3161057692307692 0.055288461538461536 0.06490384615384616