1 0.5841346153846154 0.13701923076923078 0.1814903846153846 0.18990384615384615
1 0.14903846153846154 0.29927884615384615 0.19110576923076922 0.21033653846153846
1 0.1466346153846154 0.5192307692307693 0.16706730769230768 0.1935096153846154
1 0.25961538461538464 0.5192307692307693 0.1814903846153846 0.2644230769230769
1 0.4074519230769231 0.5600961538461539 0.0829326923076923 0.27884615384615385
1 0.4567307692307692 0.6706730769230769 0.15625 0.22115384615384615
1 0.15264423076923078 0.8401442307692307 0.16346153846153846 0.2247596153846154
1 0.6057692307692307 0.34975961538461536 0.23317307692307693 0.19110576923076922
1 0.8762019230769231 0.4098557692307692 0.16346153846153846 0.25240384615384615
1 0.4014423076923077 0.9206730769230769 0.19951923076923078 0.15384615384615385
1 0.296875 0.78125 0.1346153846153846 0.23798076923076922
1 0.2764423076923077 0.13701923076923078 0.1814903846153846 0.21875
2 0.7235576923076923 0.6382211538461539 0.5276442307692307 0.5228365384615384