1 0.5132211538461539 0.8473557692307693 0.21394230769230768 0.19831730769230768
1 0.5456730769230769 0.6947115384615384 0.14543269230769232 0.18990384615384615
1 0.7800480769230769 0.8185096153846154 0.18389423076923078 0.20432692307692307
1 0.6490384615384616 0.21514423076923078 0.16105769230769232 0.20432692307692307
1 0.44350961538461536 0.27524038461538464 0.1658653846153846 0.1875
1 0.4831730769230769 0.43149038461538464 0.14903846153846154 0.17908653846153846
1 0.3004807692307692 0.17427884615384615 0.19951923076923078 0.23557692307692307
1 0.7572115384615384 0.09975961538461539 0.14543269230769232 0.19591346153846154
1 0.8449519230769231 0.10576923076923077 0.18028846153846154 0.20673076923076922
1 0.6862980769230769 0.5745192307692307 0.2283653846153846 0.2439903846153846
1 0.6658653846153846 0.39663461538461536 0.17548076923076922 0.1935096153846154
1 0.2800480769230769 0.8088942307692307 0.18028846153846154 0.2620192307692308
1 0.8737980769230769 0.47716346153846156 0.1622596153846154 0.22115384615384615
2 0.10336538461538461 0.6838942307692307 0.20432692307692307 0.43990384615384615