1 0.1466346153846154 0.5384615384615384 0.17307692307692307 0.25600961538461536
1 0.13581730769230768 0.25721153846153844 0.17548076923076922 0.21033653846153846
1 0.24278846153846154 0.1935096153846154 0.1466346153846154 0.19951923076923078
1 0.6634615384615384 0.38341346153846156 0.1466346153846154 0.19951923076923078
1 0.34975961538461536 0.6971153846153846 0.1814903846153846 0.18509615384615385
1 0.15745192307692307 0.90625 0.18269230769230768 0.18389423076923078
1 0.9086538461538461 0.23076923076923078 0.18028846153846154 0.20192307692307693
1 0.4807692307692308 0.5432692307692307 0.203125 0.24158653846153846
1 0.5600961538461539 0.8209134615384616 0.16346153846153846 0.22115384615384615
1 0.8978365384615384 0.4387019230769231 0.18269230769230768 0.21875
2 0.4375 0.13701923076923078 0.33413461538461536 0.2704326923076923