1 0.6658653846153846 0.5048076923076923 0.15625 0.21514423076923078
1 0.5901442307692307 0.5276442307692307 0.16105769230769232 0.2668269230769231
1 0.8473557692307693 0.5600961538461539 0.18269230769230768 0.23317307692307693
1 0.90625 0.7548076923076923 0.15985576923076922 0.20192307692307693
1 0.39903846153846156 0.5432692307692307 0.17067307692307693 0.22956730769230768
1 0.10576923076923077 0.31850961538461536 0.14423076923076922 0.19951923076923078
1 0.0889423076923077 0.7776442307692307 0.14423076923076922 0.20432692307692307
1 0.8810096153846154 0.13341346153846154 0.13942307692307693 0.17548076923076922
1 0.43028846153846156 0.33653846153846156 0.13701923076923078 0.18509615384615385
1 0.18269230769230768 0.8485576923076923 0.1875 0.23918269230769232
1 0.47836538461538464 0.8317307692307693 0.19471153846153846 0.20793269230769232
2 0.6069711538461539 0.17668269230769232 0.3485576923076923 0.34975961538461536