1 0.6622596153846154 0.3401442307692308 0.234375 0.17908653846153846
1 0.609375 0.6550480769230769 0.1466346153846154 0.17668269230769232
1 0.36538461538461536 0.6983173076923077 0.15504807692307693 0.17908653846153846
1 0.4723557692307692 0.5901442307692307 0.15504807692307693 0.17908653846153846
1 0.7127403846153846 0.703125 0.15144230769230768 0.23076923076923078
1 0.29927884615384615 0.4987980769230769 0.15144230769230768 0.21033653846153846
1 0.5540865384615384 0.17908653846153846 0.15504807692307693 0.17908653846153846
1 0.6598557692307693 0.13341346153846154 0.15504807692307693 0.17908653846153846
1 0.7944711538461539 0.21875 0.15745192307692307 0.22956730769230768
1 0.07451923076923077 0.5024038461538461 0.14543269230769232 0.18389423076923078
1 0.055288461538461536 0.109375 0.10817307692307693 0.21033653846153846
1 0.09254807692307693 0.8834134615384616 0.15985576923076922 0.15865384615384615
1 0.9350961538461539 0.4362980769230769 0.12620192307692307 0.17668269230769232
1 0.9350961538461539 0.7536057692307693 0.12620192307692307 0.17668269230769232
1 0.8257211538461539 0.9314903846153846 0.15504807692307693 0.13341346153846154
1 0.23557692307692307 0.3581730769230769 0.15625 0.21634615384615385
2 0.3245192307692308 0.109375 0.2283653846153846 0.21514423076923078
0 0.09254807692307693 0.41225961538461536 0.04567307692307692 0.054086538461538464