2 0.31850961538461536 0.5733173076923077 0.2704326923076923 0.3545673076923077
0 0.171875 0.421875 0.06610576923076923 0.07692307692307693
0 0.1346153846153846 0.46153846153846156 0.06610576923076923 0.07692307692307693
0 0.5504807692307693 0.03245192307692308 0.06129807692307692 0.06009615384615385
1 0.21995192307692307 0.8497596153846154 0.19230769230769232 0.2127403846153846
1 0.8713942307692307 0.1201923076923077 0.19471153846153846 0.23557692307692307
1 0.6478365384615384 0.8233173076923077 0.19230769230769232 0.28365384615384615
1 0.7920673076923077 0.7415865384615384 0.1814903846153846 0.15384615384615385
1 0.5420673076923077 0.31009615384615385 0.17548076923076922 0.1875
1 0.4170673076923077 0.25240384615384615 0.17548076923076922 0.1875
1 0.4110576923076923 0.8233173076923077 0.17548076923076922 0.1875
1 0.4879807692307692 0.7307692307692307 0.18389423076923078 0.21875
1 0.9254807692307693 0.8834134615384616 0.14423076923076922 0.23317307692307693
1 0.8581730769230769 0.5733173076923077 0.21153846153846154 0.21634615384615385
1 0.8762019230769231 0.4230769230769231 0.1814903846153846 0.17908653846153846
1 0.6730769230769231 0.39302884615384615 0.1814903846153846 0.1935096153846154
1 0.26802884615384615 0.35096153846153844 0.19831730769230768 0.19831730769230768
1 0.12379807692307693 0.22235576923076922 0.19831730769230768 0.19831730769230768