1 0.29447115384615385 0.31490384615384615 0.14903846153846154 0.21634615384615385
1 0.20673076923076922 0.10817307692307693 0.15144230769230768 0.20432692307692307
1 0.4651442307692308 0.09735576923076923 0.1466346153846154 0.19110576923076922
1 0.65625 0.1201923076923077 0.1466346153846154 0.1935096153846154
1 0.9254807692307693 0.3161057692307692 0.12980769230769232 0.17548076923076922
1 0.9074519230769231 0.7512019230769231 0.16346153846153846 0.19831730769230768
1 0.38100961538461536 0.6838942307692307 0.16346153846153846 0.19831730769230768
1 0.16826923076923078 0.8737980769230769 0.16346153846153846 0.19831730769230768
1 0.6129807692307693 0.36778846153846156 0.19471153846153846 0.20192307692307693
1 0.390625 0.8125 0.15625 0.17908653846153846
1 0.2824519230769231 0.5336538461538461 0.1875 0.2668269230769231
2 0.5925480769230769 0.6586538461538461 0.2956730769230769 0.3786057692307692