1 0.16826923076923078 0.6742788461538461 0.16706730769230768 0.25600961538461536
1 0.5180288461538461 0.23076923076923078 0.16706730769230768 0.25600961538461536
1 0.33774038461538464 0.4338942307692308 0.2091346153846154 0.20673076923076922
1 0.7884615384615384 0.5516826923076923 0.15144230769230768 0.20793269230769232
1 0.8689903846153846 0.41466346153846156 0.15144230769230768 0.20793269230769232
1 0.7644230769230769 0.17067307692307693 0.15985576923076922 0.2704326923076923
1 0.0889423076923077 0.2776442307692308 0.17548076923076922 0.2608173076923077
1 0.1814903846153846 0.0985576923076923 0.1622596153846154 0.1935096153846154
1 0.9230769230769231 0.2403846153846154 0.1502403846153846 0.21033653846153846
1 0.9230769230769231 0.6490384615384616 0.1502403846153846 0.22235576923076922
2 0.49399038461538464 0.7439903846153846 0.3557692307692308 0.5036057692307693
0 0.29086538461538464 0.7776442307692307 0.06129807692307692 0.07451923076923077
0 0.13822115384615385 0.4182692307692308 0.0829326923076923 0.09735576923076923