1 0.6790865384615384 0.09134615384615384 0.16706730769230768 0.17908653846153846
1 0.8377403846153846 0.15264423076923078 0.17307692307692307 0.20673076923076922
1 0.5012019230769231 0.28846153846153844 0.1935096153846154 0.24759615384615385
1 0.31971153846153844 0.07211538461538461 0.15985576923076922 0.13942307692307693
1 0.10216346153846154 0.5745192307692307 0.19831730769230768 0.23076923076923078
1 0.5552884615384616 0.8870192307692307 0.14903846153846154 0.22115384615384615
1 0.25 0.20673076923076922 0.1814903846153846 0.21634615384615385
1 0.6346153846153846 0.49759615384615385 0.1814903846153846 0.21634615384615385
1 0.8125 0.5709134615384616 0.1814903846153846 0.21634615384615385
1 0.35096153846153844 0.9290865384615384 0.20673076923076922 0.13341346153846154
1 0.06610576923076923 0.8449519230769231 0.12980769230769232 0.20192307692307693
2 0.39302884615384615 0.6838942307692307 0.31971153846153844 0.3954326923076923