1 0.8269230769230769 0.8641826923076923 0.21153846153846154 0.19591346153846154
1 0.6923076923076923 0.3245192307692308 0.2091346153846154 0.21634615384615385
1 0.4423076923076923 0.5612980769230769 0.19951923076923078 0.18990384615384615
1 0.2704326923076923 0.7043269230769231 0.15264423076923078 0.21634615384615385
1 0.18990384615384615 0.9086538461538461 0.16346153846153846 0.17908653846153846
1 0.4266826923076923 0.78125 0.16826923076923078 0.20793269230769232
1 0.5540865384615384 0.7295673076923077 0.19230769230769232 0.24639423076923078
1 0.6502403846153846 0.5276442307692307 0.16826923076923078 0.20793269230769232
1 0.12980769230769232 0.12139423076923077 0.1502403846153846 0.23798076923076922
1 0.7980769230769231 0.5120192307692307 0.15625 0.21033653846153846
1 0.6682692307692307 0.10576923076923077 0.16826923076923078 0.20673076923076922
1 0.06009615384615385 0.36658653846153844 0.11778846153846154 0.27524038461538464
2 0.36899038461538464 0.26322115384615385 0.3713942307692308 0.4519230769230769