1 0.3317307692307692 0.6274038461538461 0.1814903846153846 0.22956730769230768
1 0.2764423076923077 0.4074519230769231 0.15264423076923078 0.18990384615384615
1 0.1141826923076923 0.09615384615384616 0.1935096153846154 0.1875
1 0.7980769230769231 0.16346153846153846 0.15504807692307693 0.1935096153846154
1 0.8004807692307693 0.7475961538461539 0.15745192307692307 0.19951923076923078
1 0.5348557692307693 0.8100961538461539 0.171875 0.20793269230769232
1 0.11899038461538461 0.5300480769230769 0.21394230769230768 0.22235576923076922
1 0.07211538461538461 0.3173076923076923 0.140625 0.18990384615384615
1 0.7596153846153846 0.5504807692307693 0.15745192307692307 0.19951923076923078
1 0.6574519230769231 0.15745192307692307 0.17307692307692307 0.20192307692307693
2 0.47596153846153844 0.3425480769230769 0.3389423076923077 0.4483173076923077