1 0.5901442307692307 0.32211538461538464 0.1466346153846154 0.18509615384615385
1 0.41947115384615385 0.7824519230769231 0.17668269230769232 0.23918269230769232
1 0.3125 0.2403846153846154 0.1935096153846154 0.25600961538461536
1 0.21995192307692307 0.10697115384615384 0.12379807692307693 0.14783653846153846
1 0.5120192307692307 0.14182692307692307 0.1622596153846154 0.2247596153846154
1 0.7644230769230769 0.296875 0.140625 0.1935096153846154
1 0.9134615384615384 0.7548076923076923 0.16826923076923078 0.22235576923076922
1 0.9362980769230769 0.5456730769230769 0.125 0.20793269230769232
1 0.7956730769230769 0.5745192307692307 0.14543269230769232 0.19831730769230768
1 0.9206730769230769 0.32211538461538464 0.15625 0.19831730769230768
1 0.8052884615384616 0.9387019230769231 0.15745192307692307 0.11899038461538461
1 0.7752403846153846 0.7620192307692307 0.15985576923076922 0.20432692307692307
1 0.078125 0.4495192307692308 0.15264423076923078 0.23918269230769232
1 0.5324519230769231 0.42908653846153844 0.15985576923076922 0.21634615384615385
2 0.20192307692307693 0.6057692307692307 0.35096153846153844 0.44591346153846156
0 0.41466346153846156 0.29086538461538464 0.06370192307692307 0.07692307692307693