1 0.09615384615384616 0.4206730769230769 0.14182692307692307 0.20793269230769232
1 0.10697115384615384 0.6502403846153846 0.15745192307692307 0.2127403846153846
1 0.13822115384615385 0.8834134615384616 0.15144230769230768 0.22956730769230768
1 0.41225961538461536 0.2512019230769231 0.18870192307692307 0.21033653846153846
1 0.23076923076923078 0.3401442307692308 0.18870192307692307 0.21033653846153846
1 0.2692307692307692 0.10576923076923077 0.18870192307692307 0.20793269230769232
1 0.6262019230769231 0.2091346153846154 0.18870192307692307 0.21033653846153846
1 0.7620192307692307 0.5516826923076923 0.18870192307692307 0.2127403846153846
1 0.7572115384615384 0.7608173076923077 0.18870192307692307 0.2127403846153846
1 0.9134615384615384 0.8954326923076923 0.17067307692307693 0.20432692307692307
1 0.8112980769230769 0.3401442307692308 0.19951923076923078 0.25841346153846156
0 0.21033653846153846 0.5456730769230769 0.06129807692307692 0.07091346153846154
2 0.4543269230769231 0.7524038461538461 0.3425480769230769 0.44591346153846156