1 0.8569711538461539 0.5192307692307693 0.20192307692307693 0.2247596153846154
1 0.9074519230769231 0.7235576923076923 0.17548076923076922 0.20192307692307693
1 0.25240384615384615 0.4182692307692308 0.20432692307692307 0.1814903846153846
1 0.2824519230769231 0.6850961538461539 0 0
1 0.49399038461538464 0.5276442307692307 0.1875 0.22235576923076922
1 0.9074519230769231 0.12620192307692307 0.1814903846153846 0.24759615384615385
1 0.12860576923076922 0.10697115384615384 0.15745192307692307 0.1935096153846154
1 0.25961538461538464 0.17427884615384615 0.10817307692307693 0.25600961538461536
1 0.5997596153846154 0.8004807692307693 0.14182692307692307 0.24759615384615385
0 0.038461538461538464 0.8028846153846154 0.0733173076923077 0.10216346153846154
0 0.1466346153846154 0.4807692307692308 0.07451923076923077 0.10216346153846154
2 0.47475961538461536 0.15985576923076922 0.3786057692307692 0.3161057692307692