1 0.5252403846153846 0.8810096153846154 0.15985576923076922 0.23317307692307693
1 0.6862980769230769 0.8473557692307693 0.1658653846153846 0.1935096153846154
1 0.5432692307692307 0.2439903846153846 0.17067307692307693 0.20793269230769232
1 0.7019230769230769 0.15985576923076922 0.18028846153846154 0.25
1 0.5516826923076923 0.65625 0.1778846153846154 0.19591346153846154
1 0.4098557692307692 0.09375 0.18389423076923078 0.18389423076923078
1 0.6045673076923077 0.4807692307692308 0.1310096153846154 0.21875
1 0.9158653846153846 0.11177884615384616 0.16105769230769232 0.21875
1 0.7295673076923077 0.41586538461538464 0.1622596153846154 0.22235576923076922
1 0.7620192307692307 0.6382211538461539 0.16105769230769232 0.20192307692307693
1 0.2668269230769231 0.21995192307692307 0.15985576923076922 0.22235576923076922
1 0.8834134615384616 0.38461538461538464 0.14903846153846154 0.21033653846153846
1 0.8834134615384616 0.828125 0.18028846153846154 0.17668269230769232
1 0.0673076923076923 0.3137019230769231 0.1310096153846154 0.22716346153846154
2 0.19230769230769232 0.6947115384615384 0.3125 0.44350961538461536
0 0.5300480769230769 0.4795673076923077 0.055288461538461536 0.08774038461538461