1 0.7944711538461539 0.328125 0.16706730769230768 0.21514423076923078
1 0.8497596153846154 0.6262019230769231 0.16706730769230768 0.21514423076923078
1 0.9230769230769231 0.453125 0.1502403846153846 0.21875
1 0.9435096153846154 0.7836538461538461 0.11057692307692307 0.22115384615384615
1 0.5757211538461539 0.8713942307692307 0.18269230769230768 0.22115384615384615
1 0.5588942307692307 0.21153846153846154 0.1875 0.23076923076923078
1 0.3942307692307692 0.171875 0.15264423076923078 0.2439903846153846
1 0.6911057692307693 0.11298076923076923 0.15144230769230768 0.22115384615384615
1 0.06129807692307692 0.42908653846153844 0.11899038461538461 0.22115384615384615
1 0.054086538461538464 0.8942307692307693 0.1045673076923077 0.20793269230769232
1 0.07211538461538461 0.07932692307692307 0.140625 0.15384615384615385
1 0.23798076923076922 0.09735576923076923 0.18028846153846154 0.19110576923076922
1 0.14783653846153846 0.7572115384615384 0.18028846153846154 0.1935096153846154
2 0.4579326923076923 0.5504807692307693 0.328125 0.43149038461538464
0 0.47115384615384615 0.8858173076923077 0.04567307692307692 0.07932692307692307