1 0.10817307692307693 0.27283653846153844 0.18269230769230768 0.24158653846153846
1 0.28846153846153844 0.17548076923076922 0.21514423076923078 0.24639423076923078
1 0.9266826923076923 0.7992788461538461 0.14423076923076922 0.1935096153846154
1 0.8112980769230769 0.4639423076923077 0.15745192307692307 0.1935096153846154
1 0.4182692307692308 0.49278846153846156 0.16706730769230768 0.1935096153846154
1 0.3401442307692308 0.39903846153846156 0.16105769230769232 0.21514423076923078
1 0.6346153846153846 0.7992788461538461 0.1622596153846154 0.22235576923076922
1 0.8088942307692307 0.3269230769230769 0.15985576923076922 0.25
1 0.7680288461538461 0.7379807692307693 0.14543269230769232 0.22956730769230768
2 0.5697115384615384 0.24759615384615385 0.31971153846153844 0.4254807692307692
0 0.07692307692307693 0.44350961538461536 0.06971153846153846 0.09615384615384616
0 0.8894230769230769 0.9074519230769231 0.07451923076923077 0.0733173076923077