1 0.7259615384615384 0.49278846153846156 0.1875 0.18990384615384615
1 0.5348557692307693 0.6550480769230769 0.1875 0.18990384615384615
1 0.27524038461538464 0.8569711538461539 0.1875 0.18990384615384615
1 0.13581730769230768 0.6802884615384616 0.1875 0.18990384615384615
1 0.16706730769230768 0.2932692307692308 0.1875 0.18990384615384615
1 0.3245192307692308 0.16466346153846154 0.1502403846153846 0.17908653846153846
1 0.7259615384615384 0.19831730769230768 0.17548076923076922 0.19110576923076922
1 0.44350961538461536 0.7620192307692307 0.17548076923076922 0.2247596153846154
1 0.25721153846153844 0.4831730769230769 0.17548076923076922 0.2247596153846154
1 0.5348557692307693 0.22355769230769232 0.15504807692307693 0.21875
1 0.15144230769230768 0.08653846153846154 0.1502403846153846 0.16826923076923078
1 0.8846153846153846 0.9326923076923077 0.16826923076923078 0.1310096153846154
2 0.41947115384615385 0.49038461538461536 0.18629807692307693 0.2608173076923077