1 0.7728365384615384 0.6778846153846154 0.17307692307692307 0.1935096153846154
1 0.8137019230769231 0.3581730769230769 0.17668269230769232 0.22956730769230768
1 0.7199519230769231 0.19951923076923078 0.14543269230769232 0.21634615384615385
1 0.5865384615384616 0.5733173076923077 0.17067307692307693 0.25841346153846156
1 0.4651442307692308 0.7896634615384616 0.1622596153846154 0.20793269230769232
1 0.6394230769230769 0.8557692307692307 0.19951923076923078 0.2247596153846154
1 0.40384615384615385 0.9098557692307693 0.18269230769230768 0.17548076923076922
1 0.5841346153846154 0.17548076923076922 0.15985576923076922 0.1814903846153846
1 0.640625 0.31971153846153844 0.15985576923076922 0.1814903846153846
2 0.3004807692307692 0.40384615384615385 0.2704326923076923 0.3293269230769231
0 0.8930288461538461 0.9579326923076923 0.0673076923076923 0.07932692307692307
0 0.19110576923076922 0.5480769230769231 0.06610576923076923 0.09615384615384616