2 0.5973557692307693 0.09735576923076923 0.21995192307692307 0.18990384615384615
0 0.1141826923076923 0.5396634615384616 0.08173076923076923 0.09134615384615384
1 0.6346153846153846 0.4182692307692308 0.20793269230769232 0.24158653846153846
1 0.47115384615384615 0.37740384615384615 0.17668269230769232 0.21634615384615385
1 0.4651442307692308 0.16826923076923078 0.17668269230769232 0.21634615384615385
1 0.30408653846153844 0.7211538461538461 0.17668269230769232 0.21634615384615385
1 0.18389423076923078 0.7608173076923077 0.17668269230769232 0.21634615384615385
1 0.328125 0.90625 0.1658653846153846 0.18389423076923078
1 0.4170673076923077 0.9338942307692307 0.15264423076923078 0.12860576923076922
1 0.08653846153846154 0.9338942307692307 0.17067307692307693 0.12860576923076922
1 0.8822115384615384 0.2824519230769231 0.13701923076923078 0.18990384615384615
1 0.8173076923076923 0.32211538461538464 0.13701923076923078 0.18990384615384615
1 0.7920673076923077 0.453125 0.13701923076923078 0.18990384615384615
1 0.8485576923076923 0.4879807692307692 0.13701923076923078 0.18990384615384615
1 0.8798076923076923 0.5300480769230769 0.13701923076923078 0.18990384615384615
1 0.9146634615384616 0.6009615384615384 0.16706730769230768 0.20673076923076922
1 0.8665865384615384 0.9134615384615384 0.21754807692307693 0.16826923076923078
1 0.24879807692307693 0.14783653846153846 0.16706730769230768 0.20432692307692307
1 0.0673076923076923 0.28365384615384615 0.1310096153846154 0.22115384615384615
1 0.09254807692307693 0.09615384615384616 0.16346153846153846 0.1875
1 0.4230769230769231 0.6947115384615384 0.1778846153846154 0.20673076923076922
1 0.5877403846153846 0.7067307692307693 0.1201923076923077 0.1814903846153846
1 0.5817307692307693 0.8173076923076923 0.1201923076923077 0.1814903846153846
1 0.5060096153846154 0.9026442307692307 0.17067307692307693 0.19110576923076922