1 0.5709134615384616 0.6286057692307693 0.18269230769230768 0.22956730769230768
1 0.7283653846153846 0.21033653846153846 0.203125 0.23798076923076922
1 0.3449519230769231 0.22596153846153846 0.18269230769230768 0.23918269230769232
1 0.1778846153846154 0.31850961538461536 0.18028846153846154 0.25
1 0.16826923076923078 0.5252403846153846 0.19110576923076922 0.2536057692307692
1 0.2848557692307692 0.7764423076923077 0.1971153846153846 0.1935096153846154
1 0.4495192307692308 0.4375 0.1875 0.23798076923076922
1 0.3401442307692308 0.5745192307692307 0.20673076923076922 0.21033653846153846
1 0.7620192307692307 0.4567307692307692 0.16105769230769232 0.20673076923076922
1 0.5600961538461539 0.07692307692307693 0.19471153846153846 0.1502403846153846
1 0.8365384615384616 0.44471153846153844 0.13942307692307693 0.2644230769230769
2 0.5552884615384616 0.8701923076923077 0.3629807692307692 0.25600961538461536