1 0.41586538461538464 0.6802884615384616 0.16826923076923078 0.21875
1 0.2620192307692308 0.6153846153846154 0.1502403846153846 0.21514423076923078
1 0.453125 0.4338942307692308 0.1502403846153846 0.21514423076923078
1 0.21995192307692307 0.3894230769230769 0.17307692307692307 0.2247596153846154
1 0.8822115384615384 0.31490384615384615 0.17307692307692307 0.2247596153846154
1 0.30408653846153844 0.11899038461538461 0.17307692307692307 0.2247596153846154
1 0.7127403846153846 0.328125 0.19951923076923078 0.23557692307692307
1 0.6237980769230769 0.375 0.2512019230769231 0.18389423076923078
1 0.6730769230769231 0.6213942307692307 0.22235576923076922 0.20793269230769232
1 0.8064903846153846 0.7067307692307693 0.17668269230769232 0.22115384615384615
1 0.8329326923076923 0.9134615384615384 0.15985576923076922 0.16826923076923078
2 0.19110576923076922 0.8533653846153846 0.2980769230769231 0.28966346153846156