1 0.7235576923076923 0.22355769230769232 0.17548076923076922 0.21033653846153846
1 0.5384615384615384 0.234375 0.12980769230769232 0.21033653846153846
1 0.484375 0.9170673076923077 0.1502403846153846 0.1622596153846154
1 0.44350961538461536 0.5 0.140625 0.22115384615384615
1 0.4182692307692308 0.21153846153846154 0.11778846153846154 0.18990384615384615
1 0.8377403846153846 0.6478365384615384 0.15625 0.23317307692307693
1 0.7728365384615384 0.8293269230769231 0.14543269230769232 0.17908653846153846
1 0.9170673076923077 0.9182692307692307 0.15625 0.15865384615384615
1 0.6971153846153846 0.9459134615384616 0.15625 0.1045673076923077
1 0.5649038461538461 0.6995192307692307 0.14543269230769232 0.17908653846153846
1 0.6502403846153846 0.6442307692307693 0.1502403846153846 0.21514423076923078
1 0.0829326923076923 0.8978365384615384 0.15264423076923078 0.19951923076923078
1 0.052884615384615384 0.6670673076923077 0.10096153846153846 0.24158653846153846
2 0.27403846153846156 0.7644230769230769 0.34975961538461536 0.4170673076923077
0 0.7379807692307693 0.3473557692307692 0.06370192307692307 0.08173076923076923
0 0.9435096153846154 0.5709134615384616 0.07692307692307693 0.0829326923076923